0 0 0
0.15 0 0
0 0.1 0
0.5 0.1 0
0.5 0 0
0.35 0 0
0.35 0.025 0
0.15 0.025 0
0.00596 0 0
0.01192 0 0
0.01788 0 0
0.02384 0 0
0.0298 0 0
0.03576 0 0
0.04172 0 0
0.04768 0 0
0.05364 0 0
0.0596 0 0
0.06556 0 0
0.07152 0 0
0.07748 0 0
0.08344 0 0
0.0894 0 0
0.09536 0 0
0.10132 0 0
0.10728 0 0
0.11324 0 0
0.1192 0 0
0.12516 0 0
0.13112 0 0
0.13708 0 0
0.14304 0 0
0 0.00396 0
0 0.00792 0
0 0.01188 0
0 0.01584 0
0 0.0198 0
0 0.02376 0
0 0.02772 0
0 0.03168 0
0 0.03564 0
0 0.0396 0
0 0.04356 0
0 0.04752 0
0 0.05148 0
0 0.05544 0
0 0.0594 0
0 0.06336 0
0 0.06732 0
0 0.07128 0
0 0.07524 0
0 0.0792 0
0 0.08316 0
0 0.08712 0
0 0.09108 0
0 0.09504 0
0.02 0.1 0
0.04 0.1 0
0.06 0.1 0
0.08 0.1 0
0.1 0.1 0
0.12 0.1 0
0.14 0.1 0
0.16 0.1 0
0.18 0.1 0
0.2 0.1 0
0.22 0.1 0
0.24 0.1 0
0.26 0.1 0
0.28 0.1 0
0.3 0.1 0
0.32 0.1 0
0.34 0.1 0
0.36 0.1 0
0.38 0.1 0
0.4 0.1 0
0.42 0.1 0
0.44 0.1 0
0.46 0.1 0
0.48 0.1 0
0.5 0.09504 0
0.5 0.09108 0
0.5 0.08712 0
0.5 0.08316 0
0.5 0.0792 0
0.5 0.07524 0
0.5 0.07128 0
0.5 0.06732 0
0.5 0.06336 0
0.5 0.0594 0
0.5 0.05544 0
0.5 0.05148 0
0.5 0.04752 0
0.5 0.04356 0
0.5 0.0396 0
0.5 0.03564 0
0.5 0.03168 0
0.5 0.02772 0
0.5 0.02376 0
0.5 0.0198 0
0.5 0.01584 0
0.5 0.01188 0
0.5 0.00792 0
0.5 0.00396 0
0.35696 0 0
0.36292 0 0
0.36888 0 0
0.37484 0 0
0.3808 0 0
0.38676 0 0
0.39272 0 0
0.39868 0 0
0.40464 0 0
0.4106 0 0
0.41656 0 0
0.42252 0 0
0.42848 0 0
0.43444 0 0
0.4404 0 0
0.44636 0 0
0.45232 0 0
0.45828 0 0
0.46424 0 0
0.4702 0 0
0.47616 0 0
0.48212 0 0
0.48808 0 0
0.49404 0 0
0.35 0.024 0
0.35 0.023 0
0.35 0.022 0
0.35 0.021 0
0.35 0.02 0
0.35 0.019 0
0.35 0.018 0
0.35 0.017 0
0.35 0.016 0
0.35 0.015 0
0.35 0.014 0
0.35 0.013 0
0.35 0.012 0
0.35 0.011 0
0.35 0.01 0
0.35 0.009 0
0.35 0.008 0
0.35 0.007 0
0.35 0.006 0
0.35 0.005 0
0.35 0.004 0
0.35 0.003 0
0.35 0.002 0
0.35 0.001 0
0.158 0.025 0
0.166 0.025 0
0.174 0.025 0
0.182 0.025 0
0.19 0.025 0
0.198 0.025 0
0.206 0.025 0
0.214 0.025 0
0.222 0.025 0
0.23 0.025 0
0.238 0.025 0
0.246 0.025 0
0.254 0.025 0
0.262 0.025 0
0.27 0.025 0
0.278 0.025 0
0.286 0.025 0
0.294 0.025 0
0.302 0.025 0
0.31 0.025 0
0.318 0.025 0
0.326 0.025 0
0.334 0.025 0
0.342 0.025 0
0.15 0.001 0
0.15 0.002 0
0.15 0.003 0
0.15 0.004 0
0.15 0.005 0
0.15 0.006 0
0.15 0.007 0
0.15 0.008 0
0.15 0.009 0
0.15 0.01 0
0.15 0.011 0
0.15 0.012 0
0.15 0.013 0
0.15 0.014 0
0.15 0.015 0
0.15 0.016 0
0.15 0.017 0
0.15 0.018 0
0.15 0.019 0
0.15 0.02 0
0.15 0.021 0
0.15 0.022 0
0.15 0.023 0
0.15 0.024 0
0.1495 0 0
0.149 0 0
0 0.0995 0
0 0.099 0
0.5 0.0995 0
0.5 0.099 0
0.3505 0 0
0.351 0 0
0.02 0.0995 0
0.04 0.0995 0
0.06 0.0995 0
0.08 0.0995 0
0.1 0.0995 0
0.12 0.0995 0
0.14 0.0995 0
0.16 0.0995 0
0.18 0.0995 0
0.2 0.0995 0
0.22 0.0995 0
0.24 0.0995 0
0.26 0.0995 0
0.28 0.0995 0
0.3 0.0995 0
0.32 0.0995 0
0.34 0.0995 0
0.36 0.0995 0
0.38 0.0995 0
0.4 0.0995 0
0.42 0.0995 0
0.44 0.0995 0
0.46 0.0995 0
0.48 0.0995 0
0.02 0.099 0
0.04 0.099 0
0.06 0.099 0
0.08 0.099 0
0.1 0.099 0
0.12 0.099 0
0.14 0.099 0
0.16 0.099 0
0.18 0.099 0
0.2 0.099 0
0.22 0.099 0
0.24 0.099 0
0.26 0.099 0
0.28 0.099 0
0.3 0.099 0
0.32 0.099 0
0.34 0.099 0
0.36 0.099 0
0.38 0.099 0
0.4 0.099 0
0.42 0.099 0
0.44 0.099 0
0.46 0.099 0
0.48 0.099 0
0.3505 0.001 0
0.3505 0.002 0
0.3505 0.003 0
0.3505 0.004 0
0.3505 0.005 0
0.3505 0.006 0
0.3505 0.007 0
0.3505 0.008 0
0.3505 0.009 0
0.3505 0.01 0
0.3505 0.011 0
0.3505 0.012 0
0.3505 0.013 0
0.3505 0.014 0
0.3505 0.015 0
0.3505 0.016 0
0.3505 0.017 0
0.3505 0.018 0
0.3505 0.019 0
0.3505 0.02 0
0.3505 0.021 0
0.3505 0.022 0
0.3505 0.023 0
0.3505 0.024 0
0.3505 0.0255 0
0.351 0.001 0
0.351 0.002 0
0.351 0.003 0
0.351 0.004 0
0.351 0.005 0
0.351 0.006 0
0.351 0.007 0
0.351 0.008 0
0.351 0.009 0
0.351 0.01 0
0.351 0.011 0
0.351 0.012 0
0.351 0.013 0
0.351 0.014 0
0.351 0.015 0
0.351 0.016 0
0.351 0.017 0
0.351 0.018 0
0.351 0.019 0
0.351 0.02 0
0.351 0.021 0
0.351 0.022 0
0.351 0.023 0
0.351 0.024 0
0.351 0.026 0
0.342 0.0255 0
0.334 0.0255 0
0.326 0.0255 0
0.318 0.0255 0
0.31 0.0255 0
0.302 0.0255 0
0.294 0.0255 0
0.286 0.0255 0
0.278 0.0255 0
0.27 0.0255 0
0.262 0.0255 0
0.254 0.0255 0
0.246 0.0255 0
0.238 0.0255 0
0.23 0.0255 0
0.222 0.0255 0
0.214 0.0255 0
0.206 0.0255 0
0.198 0.0255 0
0.19 0.0255 0
0.182 0.0255 0
0.174 0.0255 0
0.166 0.0255 0
0.158 0.0255 0
0.1495 0.0255 0
0.342 0.026 0
0.334 0.026 0
0.326 0.026 0
0.318 0.026 0
0.31 0.026 0
0.302 0.026 0
0.294 0.026 0
0.286 0.026 0
0.278 0.026 0
0.27 0.026 0
0.262 0.026 0
0.254 0.026 0
0.246 0.026 0
0.238 0.026 0
0.23 0.026 0
0.222 0.026 0
0.214 0.026 0
0.206 0.026 0
0.198 0.026 0
0.19 0.026 0
0.182 0.026 0
0.174 0.026 0
0.166 0.026 0
0.158 0.026 0
0.149 0.026 0
0.1495 0.024 0
0.1495 0.023 0
0.1495 0.022 0
0.1495 0.021 0
0.1495 0.02 0
0.1495 0.019 0
0.1495 0.018 0
0.1495 0.017 0
0.1495 0.016 0
0.1495 0.015 0
0.1495 0.014 0
0.1495 0.013 0
0.1495 0.012 0
0.1495 0.011 0
0.1495 0.01 0
0.1495 0.009 0
0.1495 0.008 0
0.1495 0.007 0
0.1495 0.006 0
0.1495 0.005 0
0.1495 0.004 0
0.1495 0.003 0
0.1495 0.002 0
0.1495 0.001 0
0.149 0.024 0
0.149 0.023 0
0.149 0.022 0
0.149 0.021 0
0.149 0.02 0
0.149 0.019 0
0.149 0.018 0
0.149 0.017 0
0.149 0.016 0
0.149 0.015 0
0.149 0.014 0
0.149 0.013 0
0.149 0.012 0
0.149 0.011 0
0.149 0.01 0
0.149 0.009 0
0.149 0.008 0
0.149 0.007 0
0.149 0.006 0
0.149 0.005 0
0.149 0.004 0
0.149 0.003 0
0.149 0.002 0
0.149 0.001 0
0.14304 0.0011184 0
0.14304 0.0022368 0
0.14304 0.0033552 0
0.14304 0.0044736 0
0.14304 0.005592 0
0.14304 0.0067104 0
0.14304 0.0078288 0
0.14304 0.0089472 0
0.14304 0.0100656 0
0.14304 0.011184 0
0.14304 0.0123024 0
0.14304 0.0134208 0
0.14304 0.0145392 0
0.14304 0.0156576 0
0.14304 0.016776 0
0.14304 0.0178944 0
0.14304 0.0190128 0
0.14304 0.0201312 0
0.14304 0.0212496 0
0.14304 0.022368 0
0.14304 0.0234864 0
0.14304 0.0246048 0
0.14304 0.0257232 0
0.14304 0.0268416 0
0.14304 0.02892 0
0.15248 0.02892 0
0.16096 0.02892 0
0.16944 0.02892 0
0.17792 0.02892 0
0.1864 0.02892 0
0.19488 0.02892 0
0.20336 0.02892 0
0.21184 0.02892 0
0.22032 0.02892 0
0.2288 0.02892 0
0.23728 0.02892 0
0.24576 0.02892 0
0.25424 0.02892 0
0.26272 0.02892 0
0.2712 0.02892 0
0.27968 0.02892 0
0.28816 0.02892 0
0.29664 0.02892 0
0.30512 0.02892 0
0.3136 0.02892 0
0.32208 0.02892 0
0.33056 0.02892 0
0.33904 0.02892 0
0.34752 0.02892 0
0.35696 0.02892 0
0.35696 0.0268416 0
0.35696 0.0257232 0
0.35696 0.0246048 0
0.35696 0.0234864 0
0.35696 0.022368 0
0.35696 0.0212496 0
0.35696 0.0201312 0
0.35696 0.0190128 0
0.35696 0.0178944 0
0.35696 0.016776 0
0.35696 0.0156576 0
0.35696 0.0145392 0
0.35696 0.0134208 0
0.35696 0.0123024 0
0.35696 0.011184 0
0.35696 0.0100656 0
0.35696 0.0089472 0
0.35696 0.0078288 0
0.35696 0.0067104 0
0.35696 0.005592 0
0.35696 0.0044736 0
0.35696 0.0033552 0
0.35696 0.0022368 0
0.35696 0.0011184 0
0.13708 0.0012368 0
0.13708 0.0024736 0
0.13708 0.0037104 0
0.13708 0.0049472 0
0.13708 0.006184 0
0.13708 0.0074208 0
0.13708 0.0086576 0
0.13708 0.0098944 0
0.13708 0.0111312 0
0.13708 0.012368 0
0.13708 0.0136048 0
0.13708 0.0148416 0
0.13708 0.0160784 0
0.13708 0.0173152 0
0.13708 0.018552 0
0.13708 0.0197888 0
0.13708 0.0210256 0
0.13708 0.0222624 0
0.13708 0.0234992 0
0.13708 0.024736 0
0.13708 0.0259728 0
0.13708 0.0272096 0
0.13708 0.0284464 0
0.13708 0.0296832 0
0.13708 0.03184 0
0.14696 0.03184 0
0.15592 0.03184 0
0.16488 0.03184 0
0.17384 0.03184 0
0.1828 0.03184 0
0.19176 0.03184 0
0.20072 0.03184 0
0.20968 0.03184 0
0.21864 0.03184 0
0.2276 0.03184 0
0.23656 0.03184 0
0.24552 0.03184 0
0.25448 0.03184 0
0.26344 0.03184 0
0.2724 0.03184 0
0.28136 0.03184 0
0.29032 0.03184 0
0.29928 0.03184 0
0.30824 0.03184 0
0.3172 0.03184 0
0.32616 0.03184 0
0.33512 0.03184 0
0.34408 0.03184 0
0.35304 0.03184 0
0.36292 0.03184 0
0.36292 0.0296832 0
0.36292 0.0284464 0
0.36292 0.0272096 0
0.36292 0.0259728 0
0.36292 0.024736 0
0.36292 0.0234992 0
0.36292 0.0222624 0
0.36292 0.0210256 0
0.36292 0.0197888 0
0.36292 0.018552 0
0.36292 0.0173152 0
0.36292 0.0160784 0
0.36292 0.0148416 0
0.36292 0.0136048 0
0.36292 0.012368 0
0.36292 0.0111312 0
0.36292 0.0098944 0
0.36292 0.0086576 0
0.36292 0.0074208 0
0.36292 0.006184 0
0.36292 0.0049472 0
0.36292 0.0037104 0
0.36292 0.0024736 0
0.36292 0.0012368 0
0.13112 0.0013552 0
0.13112 0.0027104 0
0.13112 0.0040656 0
0.13112 0.0054208 0
0.13112 0.006776 0
0.13112 0.0081312 0
0.13112 0.0094864 0
0.13112 0.0108416 0
0.13112 0.0121968 0
0.13112 0.013552 0
0.13112 0.0149072 0
0.13112 0.0162624 0
0.13112 0.0176176 0
0.13112 0.0189728 0
0.13112 0.020328 0
0.13112 0.0216832 0
0.13112 0.0230384 0
0.13112 0.0243936 0
0.13112 0.0257488 0
0.13112 0.027104 0
0.13112 0.0284592 0
0.13112 0.0298144 0
0.13112 0.0311696 0
0.13112 0.0325248 0
0.13112 0.03476 0
0.14144 0.03476 0
0.15088 0.03476 0
0.16032 0.03476 0
0.16976 0.03476 0
0.1792 0.03476 0
0.18864 0.03476 0
0.19808 0.03476 0
0.20752 0.03476 0
0.21696 0.03476 0
0.2264 0.03476 0
0.23584 0.03476 0
0.24528 0.03476 0
0.25472 0.03476 0
0.26416 0.03476 0
0.2736 0.03476 0
0.28304 0.03476 0
0.29248 0.03476 0
0.30192 0.03476 0
0.31136 0.03476 0
0.3208 0.03476 0
0.33024 0.03476 0
0.33968 0.03476 0
0.34912 0.03476 0
0.35856 0.03476 0
0.36888 0.03476 0
0.36888 0.0325248 0
0.36888 0.0311696 0
0.36888 0.0298144 0
0.36888 0.0284592 0
0.36888 0.027104 0
0.36888 0.0257488 0
0.36888 0.0243936 0
0.36888 0.0230384 0
0.36888 0.0216832 0
0.36888 0.020328 0
0.36888 0.0189728 0
0.36888 0.0176176 0
0.36888 0.0162624 0
0.36888 0.0149072 0
0.36888 0.013552 0
0.36888 0.0121968 0
0.36888 0.0108416 0
0.36888 0.0094864 0
0.36888 0.0081312 0
0.36888 0.006776 0
0.36888 0.0054208 0
0.36888 0.0040656 0
0.36888 0.0027104 0
0.36888 0.0013552 0
0.12516 0.0014736 0
0.12516 0.0029472 0
0.12516 0.0044208 0
0.12516 0.0058944 0
0.12516 0.007368 0
0.12516 0.0088416 0
0.12516 0.0103152 0
0.12516 0.0117888 0
0.12516 0.0132624 0
0.12516 0.014736 0
0.12516 0.0162096 0
0.12516 0.0176832 0
0.12516 0.0191568 0
0.12516 0.0206304 0
0.12516 0.022104 0
0.12516 0.0235776 0
0.12516 0.0250512 0
0.12516 0.0265248 0
0.12516 0.0279984 0
0.12516 0.029472 0
0.12516 0.0309456 0
0.12516 0.0324192 0
0.12516 0.0338928 0
0.12516 0.0353664 0
0.12516 0.03768 0
0.13592 0.03768 0
0.14584 0.03768 0
0.15576 0.03768 0
0.16568 0.03768 0
0.1756 0.03768 0
0.18552 0.03768 0
0.19544 0.03768 0
0.20536 0.03768 0
0.21528 0.03768 0
0.2252 0.03768 0
0.23512 0.03768 0
0.24504 0.03768 0
0.25496 0.03768 0
0.26488 0.03768 0
0.2748 0.03768 0
0.28472 0.03768 0
0.29464 0.03768 0
0.30456 0.03768 0
0.31448 0.03768 0
0.3244 0.03768 0
0.33432 0.03768 0
0.34424 0.03768 0
0.35416 0.03768 0
0.36408 0.03768 0
0.37484 0.03768 0
0.37484 0.0353664 0
0.37484 0.0338928 0
0.37484 0.0324192 0
0.37484 0.0309456 0
0.37484 0.029472 0
0.37484 0.0279984 0
0.37484 0.0265248 0
0.37484 0.0250512 0
0.37484 0.0235776 0
0.37484 0.022104 0
0.37484 0.0206304 0
0.37484 0.0191568 0
0.37484 0.0176832 0
0.37484 0.0162096 0
0.37484 0.014736 0
0.37484 0.0132624 0
0.37484 0.0117888 0
0.37484 0.0103152 0
0.37484 0.0088416 0
0.37484 0.007368 0
0.37484 0.0058944 0
0.37484 0.0044208 0
0.37484 0.0029472 0
0.37484 0.0014736 0
0.1192 0.001592 0
0.1192 0.003184 0
0.1192 0.004776 0
0.1192 0.006368 0
0.1192 0.00796 0
0.1192 0.009552 0
0.1192 0.011144 0
0.1192 0.012736 0
0.1192 0.014328 0
0.1192 0.01592 0
0.1192 0.017512 0
0.1192 0.019104 0
0.1192 0.020696 0
0.1192 0.022288 0
0.1192 0.02388 0
0.1192 0.025472 0
0.1192 0.027064 0
0.1192 0.028656 0
0.1192 0.030248 0
0.1192 0.03184 0
0.1192 0.033432 0
0.1192 0.035024 0
0.1192 0.036616 0
0.1192 0.038208 0
0.1192 0.0406 0
0.1304 0.0406 0
0.1408 0.0406 0
0.1512 0.0406 0
0.1616 0.0406 0
0.172 0.0406 0
0.1824 0.0406 0
0.1928 0.0406 0
0.2032 0.0406 0
0.2136 0.0406 0
0.224 0.0406 0
0.2344 0.0406 0
0.2448 0.0406 0
0.2552 0.0406 0
0.2656 0.0406 0
0.276 0.0406 0
0.2864 0.0406 0
0.2968 0.0406 0
0.3072 0.0406 0
0.3176 0.0406 0
0.328 0.0406 0
0.3384 0.0406 0
0.3488 0.0406 0
0.3592 0.0406 0
0.3696 0.0406 0
0.3808 0.0406 0
0.3808 0.038208 0
0.3808 0.036616 0
0.3808 0.035024 0
0.3808 0.033432 0
0.3808 0.03184 0
0.3808 0.030248 0
0.3808 0.028656 0
0.3808 0.027064 0
0.3808 0.025472 0
0.3808 0.02388 0
0.3808 0.022288 0
0.3808 0.020696 0
0.3808 0.019104 0
0.3808 0.017512 0
0.3808 0.01592 0
0.3808 0.014328 0
0.3808 0.012736 0
0.3808 0.011144 0
0.3808 0.009552 0
0.3808 0.00796 0
0.3808 0.006368 0
0.3808 0.004776 0
0.3808 0.003184 0
0.3808 0.001592 0
0.11324 0.0017104 0
0.11324 0.0034208 0
0.11324 0.0051312 0
0.11324 0.0068416 0
0.11324 0.008552 0
0.11324 0.0102624 0
0.11324 0.0119728 0
0.11324 0.0136832 0
0.11324 0.0153936 0
0.11324 0.017104 0
0.11324 0.0188144 0
0.11324 0.0205248 0
0.11324 0.0222352 0
0.11324 0.0239456 0
0.11324 0.025656 0
0.11324 0.0273664 0
0.11324 0.0290768 0
0.11324 0.0307872 0
0.11324 0.0324976 0
0.11324 0.034208 0
0.11324 0.0359184 0
0.11324 0.0376288 0
0.11324 0.0393392 0
0.11324 0.0410496 0
0.11324 0.04352 0
0.12488 0.04352 0
0.13576 0.04352 0
0.14664 0.04352 0
0.15752 0.04352 0
0.1684 0.04352 0
0.17928 0.04352 0
0.19016 0.04352 0
0.20104 0.04352 0
0.21192 0.04352 0
0.2228 0.04352 0
0.23368 0.04352 0
0.24456 0.04352 0
0.25544 0.04352 0
0.26632 0.04352 0
0.2772 0.04352 0
0.28808 0.04352 0
0.29896 0.04352 0
0.30984 0.04352 0
0.32072 0.04352 0
0.3316 0.04352 0
0.34248 0.04352 0
0.35336 0.04352 0
0.36424 0.04352 0
0.37512 0.04352 0
0.38676 0.04352 0
0.38676 0.0410496 0
0.38676 0.0393392 0
0.38676 0.0376288 0
0.38676 0.0359184 0
0.38676 0.034208 0
0.38676 0.0324976 0
0.38676 0.0307872 0
0.38676 0.0290768 0
0.38676 0.0273664 0
0.38676 0.025656 0
0.38676 0.0239456 0
0.38676 0.0222352 0
0.38676 0.0205248 0
0.38676 0.0188144 0
0.38676 0.017104 0
0.38676 0.0153936 0
0.38676 0.0136832 0
0.38676 0.0119728 0
0.38676 0.0102624 0
0.38676 0.008552 0
0.38676 0.0068416 0
0.38676 0.0051312 0
0.38676 0.0034208 0
0.38676 0.0017104 0
0.10728 0.0018288 0
0.10728 0.0036576 0
0.10728 0.0054864 0
0.10728 0.0073152 0
0.10728 0.009144 0
0.10728 0.0109728 0
0.10728 0.0128016 0
0.10728 0.0146304 0
0.10728 0.0164592 0
0.10728 0.018288 0
0.10728 0.0201168 0
0.10728 0.0219456 0
0.10728 0.0237744 0
0.10728 0.0256032 0
0.10728 0.027432 0
0.10728 0.0292608 0
0.10728 0.0310896 0
0.10728 0.0329184 0
0.10728 0.0347472 0
0.10728 0.036576 0
0.10728 0.0384048 0
0.10728 0.0402336 0
0.10728 0.0420624 0
0.10728 0.0438912 0
0.10728 0.04644 0
0.11936 0.04644 0
0.13072 0.04644 0
0.14208 0.04644 0
0.15344 0.04644 0
0.1648 0.04644 0
0.17616 0.04644 0
0.18752 0.04644 0
0.19888 0.04644 0
0.21024 0.04644 0
0.2216 0.04644 0
0.23296 0.04644 0
0.24432 0.04644 0
0.25568 0.04644 0
0.26704 0.04644 0
0.2784 0.04644 0
0.28976 0.04644 0
0.30112 0.04644 0
0.31248 0.04644 0
0.32384 0.04644 0
0.3352 0.04644 0
0.34656 0.04644 0
0.35792 0.04644 0
0.36928 0.04644 0
0.38064 0.04644 0
0.39272 0.04644 0
0.39272 0.0438912 0
0.39272 0.0420624 0
0.39272 0.0402336 0
0.39272 0.0384048 0
0.39272 0.036576 0
0.39272 0.0347472 0
0.39272 0.0329184 0
0.39272 0.0310896 0
0.39272 0.0292608 0
0.39272 0.027432 0
0.39272 0.0256032 0
0.39272 0.0237744 0
0.39272 0.0219456 0
0.39272 0.0201168 0
0.39272 0.018288 0
0.39272 0.0164592 0
0.39272 0.0146304 0
0.39272 0.0128016 0
0.39272 0.0109728 0
0.39272 0.009144 0
0.39272 0.0073152 0
0.39272 0.0054864 0
0.39272 0.0036576 0
0.39272 0.0018288 0
0.10132 0.0019472 0
0.10132 0.0038944 0
0.10132 0.0058416 0
0.10132 0.0077888 0
0.10132 0.009736 0
0.10132 0.0116832 0
0.10132 0.0136304 0
0.10132 0.0155776 0
0.10132 0.0175248 0
0.10132 0.019472 0
0.10132 0.0214192 0
0.10132 0.0233664 0
0.10132 0.0253136 0
0.10132 0.0272608 0
0.10132 0.029208 0
0.10132 0.0311552 0
0.10132 0.0331024 0
0.10132 0.0350496 0
0.10132 0.0369968 0
0.10132 0.038944 0
0.10132 0.0408912 0
0.10132 0.0428384 0
0.10132 0.0447856 0
0.10132 0.0467328 0
0.10132 0.04936 0
0.11384 0.04936 0
0.12568 0.04936 0
0.13752 0.04936 0
0.14936 0.04936 0
0.1612 0.04936 0
0.17304 0.04936 0
0.18488 0.04936 0
0.19672 0.04936 0
0.20856 0.04936 0
0.2204 0.04936 0
0.23224 0.04936 0
0.24408 0.04936 0
0.25592 0.04936 0
0.26776 0.04936 0
0.2796 0.04936 0
0.29144 0.04936 0
0.30328 0.04936 0
0.31512 0.04936 0
0.32696 0.04936 0
0.3388 0.04936 0
0.35064 0.04936 0
0.36248 0.04936 0
0.37432 0.04936 0
0.38616 0.04936 0
0.39868 0.04936 0
0.39868 0.0467328 0
0.39868 0.0447856 0
0.39868 0.0428384 0
0.39868 0.0408912 0
0.39868 0.038944 0
0.39868 0.0369968 0
0.39868 0.0350496 0
0.39868 0.0331024 0
0.39868 0.0311552 0
0.39868 0.029208 0
0.39868 0.0272608 0
0.39868 0.0253136 0
0.39868 0.0233664 0
0.39868 0.0214192 0
0.39868 0.019472 0
0.39868 0.0175248 0
0.39868 0.0155776 0
0.39868 0.0136304 0
0.39868 0.0116832 0
0.39868 0.009736 0
0.39868 0.0077888 0
0.39868 0.0058416 0
0.39868 0.0038944 0
0.39868 0.0019472 0
0.09536 0.0020656 0
0.09536 0.0041312 0
0.09536 0.0061968 0
0.09536 0.0082624 0
0.09536 0.010328 0
0.09536 0.0123936 0
0.09536 0.0144592 0
0.09536 0.0165248 0
0.09536 0.0185904 0
0.09536 0.020656 0
0.09536 0.0227216 0
0.09536 0.0247872 0
0.09536 0.0268528 0
0.09536 0.0289184 0
0.09536 0.030984 0
0.09536 0.0330496 0
0.09536 0.0351152 0
0.09536 0.0371808 0
0.09536 0.0392464 0
0.09536 0.041312 0
0.09536 0.0433776 0
0.09536 0.0454432 0
0.09536 0.0475088 0
0.09536 0.0495744 0
0.09536 0.05228 0
0.10832 0.05228 0
0.12064 0.05228 0
0.13296 0.05228 0
0.14528 0.05228 0
0.1576 0.05228 0
0.16992 0.05228 0
0.18224 0.05228 0
0.19456 0.05228 0
0.20688 0.05228 0
0.2192 0.05228 0
0.23152 0.05228 0
0.24384 0.05228 0
0.25616 0.05228 0
0.26848 0.05228 0
0.2808 0.05228 0
0.29312 0.05228 0
0.30544 0.05228 0
0.31776 0.05228 0
0.33008 0.05228 0
0.3424 0.05228 0
0.35472 0.05228 0
0.36704 0.05228 0
0.37936 0.05228 0
0.39168 0.05228 0
0.40464 0.05228 0
0.40464 0.0495744 0
0.40464 0.0475088 0
0.40464 0.0454432 0
0.40464 0.0433776 0
0.40464 0.041312 0
0.40464 0.0392464 0
0.40464 0.0371808 0
0.40464 0.0351152 0
0.40464 0.0330496 0
0.40464 0.030984 0
0.40464 0.0289184 0
0.40464 0.0268528 0
0.40464 0.0247872 0
0.40464 0.0227216 0
0.40464 0.020656 0
0.40464 0.0185904 0
0.40464 0.0165248 0
0.40464 0.0144592 0
0.40464 0.0123936 0
0.40464 0.010328 0
0.40464 0.0082624 0
0.40464 0.0061968 0
0.40464 0.0041312 0
0.40464 0.0020656 0
0.0894 0.002184 0
0.0894 0.004368 0
0.0894 0.006552 0
0.0894 0.008736 0
0.0894 0.01092 0
0.0894 0.013104 0
0.0894 0.015288 0
0.0894 0.017472 0
0.0894 0.019656 0
0.0894 0.02184 0
0.0894 0.024024 0
0.0894 0.026208 0
0.0894 0.028392 0
0.0894 0.030576 0
0.0894 0.03276 0
0.0894 0.034944 0
0.0894 0.037128 0
0.0894 0.039312 0
0.0894 0.041496 0
0.0894 0.04368 0
0.0894 0.045864 0
0.0894 0.048048 0
0.0894 0.050232 0
0.0894 0.052416 0
0.0894 0.0552 0
0.1028 0.0552 0
0.1156 0.0552 0
0.1284 0.0552 0
0.1412 0.0552 0
0.154 0.0552 0
0.1668 0.0552 0
0.1796 0.0552 0
0.1924 0.0552 0
0.2052 0.0552 0
0.218 0.0552 0
0.2308 0.0552 0
0.2436 0.0552 0
0.2564 0.0552 0
0.2692 0.0552 0
0.282 0.0552 0
0.2948 0.0552 0
0.3076 0.0552 0
0.3204 0.0552 0
0.3332 0.0552 0
0.346 0.0552 0
0.3588 0.0552 0
0.3716 0.0552 0
0.3844 0.0552 0
0.3972 0.0552 0
0.4106 0.0552 0
0.4106 0.052416 0
0.4106 0.050232 0
0.4106 0.048048 0
0.4106 0.045864 0
0.4106 0.04368 0
0.4106 0.041496 0
0.4106 0.039312 0
0.4106 0.037128 0
0.4106 0.034944 0
0.4106 0.03276 0
0.4106 0.030576 0
0.4106 0.028392 0
0.4106 0.026208 0
0.4106 0.024024 0
0.4106 0.02184 0
0.4106 0.019656 0
0.4106 0.017472 0
0.4106 0.015288 0
0.4106 0.013104 0
0.4106 0.01092 0
0.4106 0.008736 0
0.4106 0.006552 0
0.4106 0.004368 0
0.4106 0.002184 0
0.08344 0.0023024 0
0.08344 0.0046048 0
0.08344 0.0069072 0
0.08344 0.0092096 0
0.08344 0.011512 0
0.08344 0.0138144 0
0.08344 0.0161168 0
0.08344 0.0184192 0
0.08344 0.0207216 0
0.08344 0.023024 0
0.08344 0.0253264 0
0.08344 0.0276288 0
0.08344 0.0299312 0
0.08344 0.0322336 0
0.08344 0.034536 0
0.08344 0.0368384 0
0.08344 0.0391408 0
0.08344 0.0414432 0
0.08344 0.0437456 0
0.08344 0.046048 0
0.08344 0.0483504 0
0.08344 0.0506528 0
0.08344 0.0529552 0
0.08344 0.0552576 0
0.08344 0.05812 0
0.09728 0.05812 0
0.11056 0.05812 0
0.12384 0.05812 0
0.13712 0.05812 0
0.1504 0.05812 0
0.16368 0.05812 0
0.17696 0.05812 0
0.19024 0.05812 0
0.20352 0.05812 0
0.2168 0.05812 0
0.23008 0.05812 0
0.24336 0.05812 0
0.25664 0.05812 0
0.26992 0.05812 0
0.2832 0.05812 0
0.29648 0.05812 0
0.30976 0.05812 0
0.32304 0.05812 0
0.33632 0.05812 0
0.3496 0.05812 0
0.36288 0.05812 0
0.37616 0.05812 0
0.38944 0.05812 0
0.40272 0.05812 0
0.41656 0.05812 0
0.41656 0.0552576 0
0.41656 0.0529552 0
0.41656 0.0506528 0
0.41656 0.0483504 0
0.41656 0.046048 0
0.41656 0.0437456 0
0.41656 0.0414432 0
0.41656 0.0391408 0
0.41656 0.0368384 0
0.41656 0.034536 0
0.41656 0.0322336 0
0.41656 0.0299312 0
0.41656 0.0276288 0
0.41656 0.0253264 0
0.41656 0.023024 0
0.41656 0.0207216 0
0.41656 0.0184192 0
0.41656 0.0161168 0
0.41656 0.0138144 0
0.41656 0.011512 0
0.41656 0.0092096 0
0.41656 0.0069072 0
0.41656 0.0046048 0
0.41656 0.0023024 0
0.07748 0.0024208 0
0.07748 0.0048416 0
0.07748 0.0072624 0
0.07748 0.0096832 0
0.07748 0.012104 0
0.07748 0.0145248 0
0.07748 0.0169456 0
0.07748 0.0193664 0
0.07748 0.0217872 0
0.07748 0.024208 0
0.07748 0.0266288 0
0.07748 0.0290496 0
0.07748 0.0314704 0
0.07748 0.0338912 0
0.07748 0.036312 0
0.07748 0.0387328 0
0.07748 0.0411536 0
0.07748 0.0435744 0
0.07748 0.0459952 0
0.07748 0.048416 0
0.07748 0.0508368 0
0.07748 0.0532576 0
0.07748 0.0556784 0
0.07748 0.0580992 0
0.07748 0.06104 0
0.09176 0.06104 0
0.10552 0.06104 0
0.11928 0.06104 0
0.13304 0.06104 0
0.1468 0.06104 0
0.16056 0.06104 0
0.17432 0.06104 0
0.18808 0.06104 0
0.20184 0.06104 0
0.2156 0.06104 0
0.22936 0.06104 0
0.24312 0.06104 0
0.25688 0.06104 0
0.27064 0.06104 0
0.2844 0.06104 0
0.29816 0.06104 0
0.31192 0.06104 0
0.32568 0.06104 0
0.33944 0.06104 0
0.3532 0.06104 0
0.36696 0.06104 0
0.38072 0.06104 0
0.39448 0.06104 0
0.40824 0.06104 0
0.42252 0.06104 0
0.42252 0.0580992 0
0.42252 0.0556784 0
0.42252 0.0532576 0
0.42252 0.0508368 0
0.42252 0.048416 0
0.42252 0.0459952 0
0.42252 0.0435744 0
0.42252 0.0411536 0
0.42252 0.0387328 0
0.42252 0.036312 0
0.42252 0.0338912 0
0.42252 0.0314704 0
0.42252 0.0290496 0
0.42252 0.0266288 0
0.42252 0.024208 0
0.42252 0.0217872 0
0.42252 0.0193664 0
0.42252 0.0169456 0
0.42252 0.0145248 0
0.42252 0.012104 0
0.42252 0.0096832 0
0.42252 0.0072624 0
0.42252 0.0048416 0
0.42252 0.0024208 0
0.07152 0.0025392 0
0.07152 0.0050784 0
0.07152 0.0076176 0
0.07152 0.0101568 0
0.07152 0.012696 0
0.07152 0.0152352 0
0.07152 0.0177744 0
0.07152 0.0203136 0
0.07152 0.0228528 0
0.07152 0.025392 0
0.07152 0.0279312 0
0.07152 0.0304704 0
0.07152 0.0330096 0
0.07152 0.0355488 0
0.07152 0.038088 0
0.07152 0.0406272 0
0.07152 0.0431664 0
0.07152 0.0457056 0
0.07152 0.0482448 0
0.07152 0.050784 0
0.07152 0.0533232 0
0.07152 0.0558624 0
0.07152 0.0584016 0
0.07152 0.0609408 0
0.07152 0.06396 0
0.08624 0.06396 0
0.10048 0.06396 0
0.11472 0.06396 0
0.12896 0.06396 0
0.1432 0.06396 0
0.15744 0.06396 0
0.17168 0.06396 0
0.18592 0.06396 0
0.20016 0.06396 0
0.2144 0.06396 0
0.22864 0.06396 0
0.24288 0.06396 0
0.25712 0.06396 0
0.27136 0.06396 0
0.2856 0.06396 0
0.29984 0.06396 0
0.31408 0.06396 0
0.32832 0.06396 0
0.34256 0.06396 0
0.3568 0.06396 0
0.37104 0.06396 0
0.38528 0.06396 0
0.39952 0.06396 0
0.41376 0.06396 0
0.42848 0.06396 0
0.42848 0.0609408 0
0.42848 0.0584016 0
0.42848 0.0558624 0
0.42848 0.0533232 0
0.42848 0.050784 0
0.42848 0.0482448 0
0.42848 0.0457056 0
0.42848 0.0431664 0
0.42848 0.0406272 0
0.42848 0.038088 0
0.42848 0.0355488 0
0.42848 0.0330096 0
0.42848 0.0304704 0
0.42848 0.0279312 0
0.42848 0.025392 0
0.42848 0.0228528 0
0.42848 0.0203136 0
0.42848 0.0177744 0
0.42848 0.0152352 0
0.42848 0.012696 0
0.42848 0.0101568 0
0.42848 0.0076176 0
0.42848 0.0050784 0
0.42848 0.0025392 0
0.06556 0.0026576 0
0.06556 0.0053152 0
0.06556 0.0079728 0
0.06556 0.0106304 0
0.06556 0.013288 0
0.06556 0.0159456 0
0.06556 0.0186032 0
0.06556 0.0212608 0
0.06556 0.0239184 0
0.06556 0.026576 0
0.06556 0.0292336 0
0.06556 0.0318912 0
0.06556 0.0345488 0
0.06556 0.0372064 0
0.06556 0.039864 0
0.06556 0.0425216 0
0.06556 0.0451792 0
0.06556 0.0478368 0
0.06556 0.0504944 0
0.06556 0.053152 0
0.06556 0.0558096 0
0.06556 0.0584672 0
0.06556 0.0611248 0
0.06556 0.0637824 0
0.06556 0.06688 0
0.08072 0.06688 0
0.09544 0.06688 0
0.11016 0.06688 0
0.12488 0.06688 0
0.1396 0.06688 0
0.15432 0.06688 0
0.16904 0.06688 0
0.18376 0.06688 0
0.19848 0.06688 0
0.2132 0.06688 0
0.22792 0.06688 0
0.24264 0.06688 0
0.25736 0.06688 0
0.27208 0.06688 0
0.2868 0.06688 0
0.30152 0.06688 0
0.31624 0.06688 0
0.33096 0.06688 0
0.34568 0.06688 0
0.3604 0.06688 0
0.37512 0.06688 0
0.38984 0.06688 0
0.40456 0.06688 0
0.41928 0.06688 0
0.43444 0.06688 0
0.43444 0.0637824 0
0.43444 0.0611248 0
0.43444 0.0584672 0
0.43444 0.0558096 0
0.43444 0.053152 0
0.43444 0.0504944 0
0.43444 0.0478368 0
0.43444 0.0451792 0
0.43444 0.0425216 0
0.43444 0.039864 0
0.43444 0.0372064 0
0.43444 0.0345488 0
0.43444 0.0318912 0
0.43444 0.0292336 0
0.43444 0.026576 0
0.43444 0.0239184 0
0.43444 0.0212608 0
0.43444 0.0186032 0
0.43444 0.0159456 0
0.43444 0.013288 0
0.43444 0.0106304 0
0.43444 0.0079728 0
0.43444 0.0053152 0
0.43444 0.0026576 0
0.0596 0.002776 0
0.0596 0.005552 0
0.0596 0.008328 0
0.0596 0.011104 0
0.0596 0.01388 0
0.0596 0.016656 0
0.0596 0.019432 0
0.0596 0.022208 0
0.0596 0.024984 0
0.0596 0.02776 0
0.0596 0.030536 0
0.0596 0.033312 0
0.0596 0.036088 0
0.0596 0.038864 0
0.0596 0.04164 0
0.0596 0.044416 0
0.0596 0.047192 0
0.0596 0.049968 0
0.0596 0.052744 0
0.0596 0.05552 0
0.0596 0.058296 0
0.0596 0.061072 0
0.0596 0.063848 0
0.0596 0.066624 0
0.0596 0.0698 0
0.0752 0.0698 0
0.0904 0.0698 0
0.1056 0.0698 0
0.1208 0.0698 0
0.136 0.0698 0
0.1512 0.0698 0
0.1664 0.0698 0
0.1816 0.0698 0
0.1968 0.0698 0
0.212 0.0698 0
0.2272 0.0698 0
0.2424 0.0698 0
0.2576 0.0698 0
0.2728 0.0698 0
0.288 0.0698 0
0.3032 0.0698 0
0.3184 0.0698 0
0.3336 0.0698 0
0.3488 0.0698 0
0.364 0.0698 0
0.3792 0.0698 0
0.3944 0.0698 0
0.4096 0.0698 0
0.4248 0.0698 0
0.4404 0.0698 0
0.4404 0.066624 0
0.4404 0.063848 0
0.4404 0.061072 0
0.4404 0.058296 0
0.4404 0.05552 0
0.4404 0.052744 0
0.4404 0.049968 0
0.4404 0.047192 0
0.4404 0.044416 0
0.4404 0.04164 0
0.4404 0.038864 0
0.4404 0.036088 0
0.4404 0.033312 0
0.4404 0.030536 0
0.4404 0.02776 0
0.4404 0.024984 0
0.4404 0.022208 0
0.4404 0.019432 0
0.4404 0.016656 0
0.4404 0.01388 0
0.4404 0.011104 0
0.4404 0.008328 0
0.4404 0.005552 0
0.4404 0.002776 0
0.05364 0.0028944 0
0.05364 0.0057888 0
0.05364 0.0086832 0
0.05364 0.0115776 0
0.05364 0.014472 0
0.05364 0.0173664 0
0.05364 0.0202608 0
0.05364 0.0231552 0
0.05364 0.0260496 0
0.05364 0.028944 0
0.05364 0.0318384 0
0.05364 0.0347328 0
0.05364 0.0376272 0
0.05364 0.0405216 0
0.05364 0.043416 0
0.05364 0.0463104 0
0.05364 0.0492048 0
0.05364 0.0520992 0
0.05364 0.0549936 0
0.05364 0.057888 0
0.05364 0.0607824 0
0.05364 0.0636768 0
0.05364 0.0665712 0
0.05364 0.0694656 0
0.05364 0.07272 0
0.06968 0.07272 0
0.08536 0.07272 0
0.10104 0.07272 0
0.11672 0.07272 0
0.1324 0.07272 0
0.14808 0.07272 0
0.16376 0.07272 0
0.17944 0.07272 0
0.19512 0.07272 0
0.2108 0.07272 0
0.22648 0.07272 0
0.24216 0.07272 0
0.25784 0.07272 0
0.27352 0.07272 0
0.2892 0.07272 0
0.30488 0.07272 0
0.32056 0.07272 0
0.33624 0.07272 0
0.35192 0.07272 0
0.3676 0.07272 0
0.38328 0.07272 0
0.39896 0.07272 0
0.41464 0.07272 0
0.43032 0.07272 0
0.44636 0.07272 0
0.44636 0.0694656 0
0.44636 0.0665712 0
0.44636 0.0636768 0
0.44636 0.0607824 0
0.44636 0.057888 0
0.44636 0.0549936 0
0.44636 0.0520992 0
0.44636 0.0492048 0
0.44636 0.0463104 0
0.44636 0.043416 0
0.44636 0.0405216 0
0.44636 0.0376272 0
0.44636 0.0347328 0
0.44636 0.0318384 0
0.44636 0.028944 0
0.44636 0.0260496 0
0.44636 0.0231552 0
0.44636 0.0202608 0
0.44636 0.0173664 0
0.44636 0.014472 0
0.44636 0.0115776 0
0.44636 0.0086832 0
0.44636 0.0057888 0
0.44636 0.0028944 0
0.04768 0.0030128 0
0.04768 0.0060256 0
0.04768 0.0090384 0
0.04768 0.0120512 0
0.04768 0.015064 0
0.04768 0.0180768 0
0.04768 0.0210896 0
0.04768 0.0241024 0
0.04768 0.0271152 0
0.04768 0.030128 0
0.04768 0.0331408 0
0.04768 0.0361536 0
0.04768 0.0391664 0
0.04768 0.0421792 0
0.04768 0.045192 0
0.04768 0.0482048 0
0.04768 0.0512176 0
0.04768 0.0542304 0
0.04768 0.0572432 0
0.04768 0.060256 0
0.04768 0.0632688 0
0.04768 0.0662816 0
0.04768 0.0692944 0
0.04768 0.0723072 0
0.04768 0.07564 0
0.06416 0.07564 0
0.08032 0.07564 0
0.09648 0.07564 0
0.11264 0.07564 0
0.1288 0.07564 0
0.14496 0.07564 0
0.16112 0.07564 0
0.17728 0.07564 0
0.19344 0.07564 0
0.2096 0.07564 0
0.22576 0.07564 0
0.24192 0.07564 0
0.25808 0.07564 0
0.27424 0.07564 0
0.2904 0.07564 0
0.30656 0.07564 0
0.32272 0.07564 0
0.33888 0.07564 0
0.35504 0.07564 0
0.3712 0.07564 0
0.38736 0.07564 0
0.40352 0.07564 0
0.41968 0.07564 0
0.43584 0.07564 0
0.45232 0.07564 0
0.45232 0.0723072 0
0.45232 0.0692944 0
0.45232 0.0662816 0
0.45232 0.0632688 0
0.45232 0.060256 0
0.45232 0.0572432 0
0.45232 0.0542304 0
0.45232 0.0512176 0
0.45232 0.0482048 0
0.45232 0.045192 0
0.45232 0.0421792 0
0.45232 0.0391664 0
0.45232 0.0361536 0
0.45232 0.0331408 0
0.45232 0.030128 0
0.45232 0.0271152 0
0.45232 0.0241024 0
0.45232 0.0210896 0
0.45232 0.0180768 0
0.45232 0.015064 0
0.45232 0.0120512 0
0.45232 0.0090384 0
0.45232 0.0060256 0
0.45232 0.0030128 0
0.04172 0.0031312 0
0.04172 0.0062624 0
0.04172 0.0093936 0
0.04172 0.0125248 0
0.04172 0.015656 0
0.04172 0.0187872 0
0.04172 0.0219184 0
0.04172 0.0250496 0
0.04172 0.0281808 0
0.04172 0.031312 0
0.04172 0.0344432 0
0.04172 0.0375744 0
0.04172 0.0407056 0
0.04172 0.0438368 0
0.04172 0.046968 0
0.04172 0.0500992 0
0.04172 0.0532304 0
0.04172 0.0563616 0
0.04172 0.0594928 0
0.04172 0.062624 0
0.04172 0.0657552 0
0.04172 0.0688864 0
0.04172 0.0720176 0
0.04172 0.0751488 0
0.04172 0.07856 0
0.05864 0.07856 0
0.07528 0.07856 0
0.09192 0.07856 0
0.10856 0.07856 0
0.1252 0.07856 0
0.14184 0.07856 0
0.15848 0.07856 0
0.17512 0.07856 0
0.19176 0.07856 0
0.2084 0.07856 0
0.22504 0.07856 0
0.24168 0.07856 0
0.25832 0.07856 0
0.27496 0.07856 0
0.2916 0.07856 0
0.30824 0.07856 0
0.32488 0.07856 0
0.34152 0.07856 0
0.35816 0.07856 0
0.3748 0.07856 0
0.39144 0.07856 0
0.40808 0.07856 0
0.42472 0.07856 0
0.44136 0.07856 0
0.45828 0.07856 0
0.45828 0.0751488 0
0.45828 0.0720176 0
0.45828 0.0688864 0
0.45828 0.0657552 0
0.45828 0.062624 0
0.45828 0.0594928 0
0.45828 0.0563616 0
0.45828 0.0532304 0
0.45828 0.0500992 0
0.45828 0.046968 0
0.45828 0.0438368 0
0.45828 0.0407056 0
0.45828 0.0375744 0
0.45828 0.0344432 0
0.45828 0.031312 0
0.45828 0.0281808 0
0.45828 0.0250496 0
0.45828 0.0219184 0
0.45828 0.0187872 0
0.45828 0.015656 0
0.45828 0.0125248 0
0.45828 0.0093936 0
0.45828 0.0062624 0
0.45828 0.0031312 0
0.03576 0.0032496 0
0.03576 0.0064992 0
0.03576 0.0097488 0
0.03576 0.0129984 0
0.03576 0.016248 0
0.03576 0.0194976 0
0.03576 0.0227472 0
0.03576 0.0259968 0
0.03576 0.0292464 0
0.03576 0.032496 0
0.03576 0.0357456 0
0.03576 0.0389952 0
0.03576 0.0422448 0
0.03576 0.0454944 0
0.03576 0.048744 0
0.03576 0.0519936 0
0.03576 0.0552432 0
0.03576 0.0584928 0
0.03576 0.0617424 0
0.03576 0.064992 0
0.03576 0.0682416 0
0.03576 0.0714912 0
0.03576 0.0747408 0
0.03576 0.0779904 0
0.03576 0.08148 0
0.05312 0.08148 0
0.07024 0.08148 0
0.08736 0.08148 0
0.10448 0.08148 0
0.1216 0.08148 0
0.13872 0.08148 0
0.15584 0.08148 0
0.17296 0.08148 0
0.19008 0.08148 0
0.2072 0.08148 0
0.22432 0.08148 0
0.24144 0.08148 0
0.25856 0.08148 0
0.27568 0.08148 0
0.2928 0.08148 0
0.30992 0.08148 0
0.32704 0.08148 0
0.34416 0.08148 0
0.36128 0.08148 0
0.3784 0.08148 0
0.39552 0.08148 0
0.41264 0.08148 0
0.42976 0.08148 0
0.44688 0.08148 0
0.46424 0.08148 0
0.46424 0.0779904 0
0.46424 0.0747408 0
0.46424 0.0714912 0
0.46424 0.0682416 0
0.46424 0.064992 0
0.46424 0.0617424 0
0.46424 0.0584928 0
0.46424 0.0552432 0
0.46424 0.0519936 0
0.46424 0.048744 0
0.46424 0.0454944 0
0.46424 0.0422448 0
0.46424 0.0389952 0
0.46424 0.0357456 0
0.46424 0.032496 0
0.46424 0.0292464 0
0.46424 0.0259968 0
0.46424 0.0227472 0
0.46424 0.0194976 0
0.46424 0.016248 0
0.46424 0.0129984 0
0.46424 0.0097488 0
0.46424 0.0064992 0
0.46424 0.0032496 0
0.0298 0.003368 0
0.0298 0.006736 0
0.0298 0.010104 0
0.0298 0.013472 0
0.0298 0.01684 0
0.0298 0.020208 0
0.0298 0.023576 0
0.0298 0.026944 0
0.0298 0.030312 0
0.0298 0.03368 0
0.0298 0.037048 0
0.0298 0.040416 0
0.0298 0.043784 0
0.0298 0.047152 0
0.0298 0.05052 0
0.0298 0.053888 0
0.0298 0.057256 0
0.0298 0.060624 0
0.0298 0.063992 0
0.0298 0.06736 0
0.0298 0.070728 0
0.0298 0.074096 0
0.0298 0.077464 0
0.0298 0.080832 0
0.0298 0.0844 0
0.0476 0.0844 0
0.0652 0.0844 0
0.0828 0.0844 0
0.1004 0.0844 0
0.118 0.0844 0
0.1356 0.0844 0
0.1532 0.0844 0
0.1708 0.0844 0
0.1884 0.0844 0
0.206 0.0844 0
0.2236 0.0844 0
0.2412 0.0844 0
0.2588 0.0844 0
0.2764 0.0844 0
0.294 0.0844 0
0.3116 0.0844 0
0.3292 0.0844 0
0.3468 0.0844 0
0.3644 0.0844 0
0.382 0.0844 0
0.3996 0.0844 0
0.4172 0.0844 0
0.4348 0.0844 0
0.4524 0.0844 0
0.4702 0.0844 0
0.4702 0.080832 0
0.4702 0.077464 0
0.4702 0.074096 0
0.4702 0.070728 0
0.4702 0.06736 0
0.4702 0.063992 0
0.4702 0.060624 0
0.4702 0.057256 0
0.4702 0.053888 0
0.4702 0.05052 0
0.4702 0.047152 0
0.4702 0.043784 0
0.4702 0.040416 0
0.4702 0.037048 0
0.4702 0.03368 0
0.4702 0.030312 0
0.4702 0.026944 0
0.4702 0.023576 0
0.4702 0.020208 0
0.4702 0.01684 0
0.4702 0.013472 0
0.4702 0.010104 0
0.4702 0.006736 0
0.4702 0.003368 0
0.02384 0.0034864 0
0.02384 0.0069728 0
0.02384 0.0104592 0
0.02384 0.0139456 0
0.02384 0.017432 0
0.02384 0.0209184 0
0.02384 0.0244048 0
0.02384 0.0278912 0
0.02384 0.0313776 0
0.02384 0.034864 0
0.02384 0.0383504 0
0.02384 0.0418368 0
0.02384 0.0453232 0
0.02384 0.0488096 0
0.02384 0.052296 0
0.02384 0.0557824 0
0.02384 0.0592688 0
0.02384 0.0627552 0
0.02384 0.0662416 0
0.02384 0.069728 0
0.02384 0.0732144 0
0.02384 0.0767008 0
0.02384 0.0801872 0
0.02384 0.0836736 0
0.02384 0.08732 0
0.04208 0.08732 0
0.06016 0.08732 0
0.07824 0.08732 0
0.09632 0.08732 0
0.1144 0.08732 0
0.13248 0.08732 0
0.15056 0.08732 0
0.16864 0.08732 0
0.18672 0.08732 0
0.2048 0.08732 0
0.22288 0.08732 0
0.24096 0.08732 0
0.25904 0.08732 0
0.27712 0.08732 0
0.2952 0.08732 0
0.31328 0.08732 0
0.33136 0.08732 0
0.34944 0.08732 0
0.36752 0.08732 0
0.3856 0.08732 0
0.40368 0.08732 0
0.42176 0.08732 0
0.43984 0.08732 0
0.45792 0.08732 0
0.47616 0.08732 0
0.47616 0.0836736 0
0.47616 0.0801872 0
0.47616 0.0767008 0
0.47616 0.0732144 0
0.47616 0.069728 0
0.47616 0.0662416 0
0.47616 0.0627552 0
0.47616 0.0592688 0
0.47616 0.0557824 0
0.47616 0.052296 0
0.47616 0.0488096 0
0.47616 0.0453232 0
0.47616 0.0418368 0
0.47616 0.0383504 0
0.47616 0.034864 0
0.47616 0.0313776 0
0.47616 0.0278912 0
0.47616 0.0244048 0
0.47616 0.0209184 0
0.47616 0.017432 0
0.47616 0.0139456 0
0.47616 0.0104592 0
0.47616 0.0069728 0
0.47616 0.0034864 0
0.01788 0.0036048 0
0.01788 0.0072096 0
0.01788 0.0108144 0
0.01788 0.0144192 0
0.01788 0.018024 0
0.01788 0.0216288 0
0.01788 0.0252336 0
0.01788 0.0288384 0
0.01788 0.0324432 0
0.01788 0.036048 0
0.01788 0.0396528 0
0.01788 0.0432576 0
0.01788 0.0468624 0
0.01788 0.0504672 0
0.01788 0.054072 0
0.01788 0.0576768 0
0.01788 0.0612816 0
0.01788 0.0648864 0
0.01788 0.0684912 0
0.01788 0.072096 0
0.01788 0.0757008 0
0.01788 0.0793056 0
0.01788 0.0829104 0
0.01788 0.0865152 0
0.01788 0.09024 0
0.03656 0.09024 0
0.05512 0.09024 0
0.07368 0.09024 0
0.09224 0.09024 0
0.1108 0.09024 0
0.12936 0.09024 0
0.14792 0.09024 0
0.16648 0.09024 0
0.18504 0.09024 0
0.2036 0.09024 0
0.22216 0.09024 0
0.24072 0.09024 0
0.25928 0.09024 0
0.27784 0.09024 0
0.2964 0.09024 0
0.31496 0.09024 0
0.33352 0.09024 0
0.35208 0.09024 0
0.37064 0.09024 0
0.3892 0.09024 0
0.40776 0.09024 0
0.42632 0.09024 0
0.44488 0.09024 0
0.46344 0.09024 0
0.48212 0.09024 0
0.48212 0.0865152 0
0.48212 0.0829104 0
0.48212 0.0793056 0
0.48212 0.0757008 0
0.48212 0.072096 0
0.48212 0.0684912 0
0.48212 0.0648864 0
0.48212 0.0612816 0
0.48212 0.0576768 0
0.48212 0.054072 0
0.48212 0.0504672 0
0.48212 0.0468624 0
0.48212 0.0432576 0
0.48212 0.0396528 0
0.48212 0.036048 0
0.48212 0.0324432 0
0.48212 0.0288384 0
0.48212 0.0252336 0
0.48212 0.0216288 0
0.48212 0.018024 0
0.48212 0.0144192 0
0.48212 0.0108144 0
0.48212 0.0072096 0
0.48212 0.0036048 0
0.01192 0.0037232 0
0.01192 0.0074464 0
0.01192 0.0111696 0
0.01192 0.0148928 0
0.01192 0.018616 0
0.01192 0.0223392 0
0.01192 0.0260624 0
0.01192 0.0297856 0
0.01192 0.0335088 0
0.01192 0.037232 0
0.01192 0.0409552 0
0.01192 0.0446784 0
0.01192 0.0484016 0
0.01192 0.0521248 0
0.01192 0.055848 0
0.01192 0.0595712 0
0.01192 0.0632944 0
0.01192 0.0670176 0
0.01192 0.0707408 0
0.01192 0.074464 0
0.01192 0.0781872 0
0.01192 0.0819104 0
0.01192 0.0856336 0
0.01192 0.0893568 0
0.01192 0.09316 0
0.03104 0.09316 0
0.05008 0.09316 0
0.06912 0.09316 0
0.08816 0.09316 0
0.1072 0.09316 0
0.12624 0.09316 0
0.14528 0.09316 0
0.16432 0.09316 0
0.18336 0.09316 0
0.2024 0.09316 0
0.22144 0.09316 0
0.24048 0.09316 0
0.25952 0.09316 0
0.27856 0.09316 0
0.2976 0.09316 0
0.31664 0.09316 0
0.33568 0.09316 0
0.35472 0.09316 0
0.37376 0.09316 0
0.3928 0.09316 0
0.41184 0.09316 0
0.43088 0.09316 0
0.44992 0.09316 0
0.46896 0.09316 0
0.48808 0.09316 0
0.48808 0.0893568 0
0.48808 0.0856336 0
0.48808 0.0819104 0
0.48808 0.0781872 0
0.48808 0.074464 0
0.48808 0.0707408 0
0.48808 0.0670176 0
0.48808 0.0632944 0
0.48808 0.0595712 0
0.48808 0.055848 0
0.48808 0.0521248 0
0.48808 0.0484016 0
0.48808 0.0446784 0
0.48808 0.0409552 0
0.48808 0.037232 0
0.48808 0.0335088 0
0.48808 0.0297856 0
0.48808 0.0260624 0
0.48808 0.0223392 0
0.48808 0.018616 0
0.48808 0.0148928 0
0.48808 0.0111696 0
0.48808 0.0074464 0
0.48808 0.0037232 0
0.00596 0.0038416 0
0.00596 0.0076832 0
0.00596 0.0115248 0
0.00596 0.0153664 0
0.00596 0.019208 0
0.00596 0.0230496 0
0.00596 0.0268912 0
0.00596 0.0307328 0
0.00596 0.0345744 0
0.00596 0.038416 0
0.00596 0.0422576 0
0.00596 0.0460992 0
0.00596 0.0499408 0
0.00596 0.0537824 0
0.00596 0.057624 0
0.00596 0.0614656 0
0.00596 0.0653072 0
0.00596 0.0691488 0
0.00596 0.0729904 0
0.00596 0.076832 0
0.00596 0.0806736 0
0.00596 0.0845152 0
0.00596 0.0883568 0
0.00596 0.0921984 0
0.00596 0.09608 0
0.02552 0.09608 0
0.04504 0.09608 0
0.06456 0.09608 0
0.08408 0.09608 0
0.1036 0.09608 0
0.12312 0.09608 0
0.14264 0.09608 0
0.16216 0.09608 0
0.18168 0.09608 0
0.2012 0.09608 0
0.22072 0.09608 0
0.24024 0.09608 0
0.25976 0.09608 0
0.27928 0.09608 0
0.2988 0.09608 0
0.31832 0.09608 0
0.33784 0.09608 0
0.35736 0.09608 0
0.37688 0.09608 0
0.3964 0.09608 0
0.41592 0.09608 0
0.43544 0.09608 0
0.45496 0.09608 0
0.47448 0.09608 0
0.49404 0.09608 0
0.49404 0.0921984 0
0.49404 0.0883568 0
0.49404 0.0845152 0
0.49404 0.0806736 0
0.49404 0.076832 0
0.49404 0.0729904 0
0.49404 0.0691488 0
0.49404 0.0653072 0
0.49404 0.0614656 0
0.49404 0.057624 0
0.49404 0.0537824 0
0.49404 0.0499408 0
0.49404 0.0460992 0
0.49404 0.0422576 0
0.49404 0.038416 0
0.49404 0.0345744 0
0.49404 0.0307328 0
0.49404 0.0268912 0
0.49404 0.0230496 0
0.49404 0.019208 0
0.49404 0.0153664 0
0.49404 0.0115248 0
0.49404 0.0076832 0
0.49404 0.0038416 0
0 0 0.05
0.00596 0 0.05
0.01192 0 0.05
0.01788 0 0.05
0.02384 0 0.05
0.0298 0 0.05
0.03576 0 0.05
0.04172 0 0.05
0.04768 0 0.05
0.05364 0 0.05
0.0596 0 0.05
0.06556 0 0.05
0.07152 0 0.05
0.07748 0 0.05
0.08344 0 0.05
0.0894 0 0.05
0.09536 0 0.05
0.10132 0 0.05
0.10728 0 0.05
0.11324 0 0.05
0.1192 0 0.05
0.12516 0 0.05
0.13112 0 0.05
0.13708 0 0.05
0.14304 0 0.05
0.149 0 0.05
0 0.00396 0.05
0 0.00792 0.05
0 0.01188 0.05
0 0.01584 0.05
0 0.0198 0.05
0 0.02376 0.05
0 0.02772 0.05
0 0.03168 0.05
0 0.03564 0.05
0 0.0396 0.05
0 0.04356 0.05
0 0.04752 0.05
0 0.05148 0.05
0 0.05544 0.05
0 0.0594 0.05
0 0.06336 0.05
0 0.06732 0.05
0 0.07128 0.05
0 0.07524 0.05
0 0.0792 0.05
0 0.08316 0.05
0 0.08712 0.05
0 0.09108 0.05
0 0.09504 0.05
0 0.099 0.05
0 0.1 0.05
0.02 0.1 0.05
0.04 0.1 0.05
0.06 0.1 0.05
0.08 0.1 0.05
0.1 0.1 0.05
0.12 0.1 0.05
0.14 0.1 0.05
0.16 0.1 0.05
0.18 0.1 0.05
0.2 0.1 0.05
0.22 0.1 0.05
0.24 0.1 0.05
0.26 0.1 0.05
0.28 0.1 0.05
0.3 0.1 0.05
0.32 0.1 0.05
0.34 0.1 0.05
0.36 0.1 0.05
0.38 0.1 0.05
0.4 0.1 0.05
0.42 0.1 0.05
0.44 0.1 0.05
0.46 0.1 0.05
0.48 0.1 0.05
0.5 0.1 0.05
0.5 0.099 0.05
0.5 0.09504 0.05
0.5 0.09108 0.05
0.5 0.08712 0.05
0.5 0.08316 0.05
0.5 0.0792 0.05
0.5 0.07524 0.05
0.5 0.07128 0.05
0.5 0.06732 0.05
0.5 0.06336 0.05
0.5 0.0594 0.05
0.5 0.05544 0.05
0.5 0.05148 0.05
0.5 0.04752 0.05
0.5 0.04356 0.05
0.5 0.0396 0.05
0.5 0.03564 0.05
0.5 0.03168 0.05
0.5 0.02772 0.05
0.5 0.02376 0.05
0.5 0.0198 0.05
0.5 0.01584 0.05
0.5 0.01188 0.05
0.5 0.00792 0.05
0.5 0.00396 0.05
0.5 0 0.05
0.351 0 0.05
0.35696 0 0.05
0.36292 0 0.05
0.36888 0 0.05
0.37484 0 0.05
0.3808 0 0.05
0.38676 0 0.05
0.39272 0 0.05
0.39868 0 0.05
0.40464 0 0.05
0.4106 0 0.05
0.41656 0 0.05
0.42252 0 0.05
0.42848 0 0.05
0.43444 0 0.05
0.4404 0 0.05
0.44636 0 0.05
0.45232 0 0.05
0.45828 0 0.05
0.46424 0 0.05
0.4702 0 0.05
0.47616 0 0.05
0.48212 0 0.05
0.48808 0 0.05
0.49404 0 0.05
0.35 0.025 0.05
0.35 0.024 0.05
0.35 0.023 0.05
0.35 0.022 0.05
0.35 0.021 0.05
0.35 0.02 0.05
0.35 0.019 0.05
0.35 0.018 0.05
0.35 0.017 0.05
0.35 0.016 0.05
0.35 0.015 0.05
0.35 0.014 0.05
0.35 0.013 0.05
0.35 0.012 0.05
0.35 0.011 0.05
0.35 0.01 0.05
0.35 0.009 0.05
0.35 0.008 0.05
0.35 0.007 0.05
0.35 0.006 0.05
0.35 0.005 0.05
0.35 0.004 0.05
0.35 0.003 0.05
0.35 0.002 0.05
0.35 0.001 0.05
0.35 0 0.05
0.15 0.025 0.05
0.158 0.025 0.05
0.166 0.025 0.05
0.174 0.025 0.05
0.182 0.025 0.05
0.19 0.025 0.05
0.198 0.025 0.05
0.206 0.025 0.05
0.214 0.025 0.05
0.222 0.025 0.05
0.23 0.025 0.05
0.238 0.025 0.05
0.246 0.025 0.05
0.254 0.025 0.05
0.262 0.025 0.05
0.27 0.025 0.05
0.278 0.025 0.05
0.286 0.025 0.05
0.294 0.025 0.05
0.302 0.025 0.05
0.31 0.025 0.05
0.318 0.025 0.05
0.326 0.025 0.05
0.334 0.025 0.05
0.342 0.025 0.05
0.15 0 0.05
0.15 0.001 0.05
0.15 0.002 0.05
0.15 0.003 0.05
0.15 0.004 0.05
0.15 0.005 0.05
0.15 0.006 0.05
0.15 0.007 0.05
0.15 0.008 0.05
0.15 0.009 0.05
0.15 0.01 0.05
0.15 0.011 0.05
0.15 0.012 0.05
0.15 0.013 0.05
0.15 0.014 0.05
0.15 0.015 0.05
0.15 0.016 0.05
0.15 0.017 0.05
0.15 0.018 0.05
0.15 0.019 0.05
0.15 0.02 0.05
0.15 0.021 0.05
0.15 0.022 0.05
0.15 0.023 0.05
0.15 0.024 0.05
0.1495 0 0.05
0 0.0995 0.05
0.5 0.0995 0.05
0.3505 0 0.05
0.02 0.0995 0.05
0.04 0.0995 0.05
0.06 0.0995 0.05
0.08 0.0995 0.05
0.1 0.0995 0.05
0.12 0.0995 0.05
0.14 0.0995 0.05
0.16 0.0995 0.05
0.18 0.0995 0.05
0.2 0.0995 0.05
0.22 0.0995 0.05
0.24 0.0995 0.05
0.26 0.0995 0.05
0.28 0.0995 0.05
0.3 0.0995 0.05
0.32 0.0995 0.05
0.34 0.0995 0.05
0.36 0.0995 0.05
0.38 0.0995 0.05
0.4 0.0995 0.05
0.42 0.0995 0.05
0.44 0.0995 0.05
0.46 0.0995 0.05
0.48 0.0995 0.05
0.02 0.099 0.05
0.04 0.099 0.05
0.06 0.099 0.05
0.08 0.099 0.05
0.1 0.099 0.05
0.12 0.099 0.05
0.14 0.099 0.05
0.16 0.099 0.05
0.18 0.099 0.05
0.2 0.099 0.05
0.22 0.099 0.05
0.24 0.099 0.05
0.26 0.099 0.05
0.28 0.099 0.05
0.3 0.099 0.05
0.32 0.099 0.05
0.34 0.099 0.05
0.36 0.099 0.05
0.38 0.099 0.05
0.4 0.099 0.05
0.42 0.099 0.05
0.44 0.099 0.05
0.46 0.099 0.05
0.48 0.099 0.05
0.3505 0.001 0.05
0.3505 0.002 0.05
0.3505 0.003 0.05
0.3505 0.004 0.05
0.3505 0.005 0.05
0.3505 0.006 0.05
0.3505 0.007 0.05
0.3505 0.008 0.05
0.3505 0.009 0.05
0.3505 0.01 0.05
0.3505 0.011 0.05
0.3505 0.012 0.05
0.3505 0.013 0.05
0.3505 0.014 0.05
0.3505 0.015 0.05
0.3505 0.016 0.05
0.3505 0.017 0.05
0.3505 0.018 0.05
0.3505 0.019 0.05
0.3505 0.02 0.05
0.3505 0.021 0.05
0.3505 0.022 0.05
0.3505 0.023 0.05
0.3505 0.024 0.05
0.3505 0.0255 0.05
0.351 0.001 0.05
0.351 0.002 0.05
0.351 0.003 0.05
0.351 0.004 0.05
0.351 0.005 0.05
0.351 0.006 0.05
0.351 0.007 0.05
0.351 0.008 0.05
0.351 0.009 0.05
0.351 0.01 0.05
0.351 0.011 0.05
0.351 0.012 0.05
0.351 0.013 0.05
0.351 0.014 0.05
0.351 0.015 0.05
0.351 0.016 0.05
0.351 0.017 0.05
0.351 0.018 0.05
0.351 0.019 0.05
0.351 0.02 0.05
0.351 0.021 0.05
0.351 0.022 0.05
0.351 0.023 0.05
0.351 0.024 0.05
0.351 0.026 0.05
0.342 0.0255 0.05
0.334 0.0255 0.05
0.326 0.0255 0.05
0.318 0.0255 0.05
0.31 0.0255 0.05
0.302 0.0255 0.05
0.294 0.0255 0.05
0.286 0.0255 0.05
0.278 0.0255 0.05
0.27 0.0255 0.05
0.262 0.0255 0.05
0.254 0.0255 0.05
0.246 0.0255 0.05
0.238 0.0255 0.05
0.23 0.0255 0.05
0.222 0.0255 0.05
0.214 0.0255 0.05
0.206 0.0255 0.05
0.198 0.0255 0.05
0.19 0.0255 0.05
0.182 0.0255 0.05
0.174 0.0255 0.05
0.166 0.0255 0.05
0.158 0.0255 0.05
0.1495 0.0255 0.05
0.342 0.026 0.05
0.334 0.026 0.05
0.326 0.026 0.05
0.318 0.026 0.05
0.31 0.026 0.05
0.302 0.026 0.05
0.294 0.026 0.05
0.286 0.026 0.05
0.278 0.026 0.05
0.27 0.026 0.05
0.262 0.026 0.05
0.254 0.026 0.05
0.246 0.026 0.05
0.238 0.026 0.05
0.23 0.026 0.05
0.222 0.026 0.05
0.214 0.026 0.05
0.206 0.026 0.05
0.198 0.026 0.05
0.19 0.026 0.05
0.182 0.026 0.05
0.174 0.026 0.05
0.166 0.026 0.05
0.158 0.026 0.05
0.149 0.026 0.05
0.1495 0.024 0.05
0.1495 0.023 0.05
0.1495 0.022 0.05
0.1495 0.021 0.05
0.1495 0.02 0.05
0.1495 0.019 0.05
0.1495 0.018 0.05
0.1495 0.017 0.05
0.1495 0.016 0.05
0.1495 0.015 0.05
0.1495 0.014 0.05
0.1495 0.013 0.05
0.1495 0.012 0.05
0.1495 0.011 0.05
0.1495 0.01 0.05
0.1495 0.009 0.05
0.1495 0.008 0.05
0.1495 0.007 0.05
0.1495 0.006 0.05
0.1495 0.005 0.05
0.1495 0.004 0.05
0.1495 0.003 0.05
0.1495 0.002 0.05
0.1495 0.001 0.05
0.149 0.024 0.05
0.149 0.023 0.05
0.149 0.022 0.05
0.149 0.021 0.05
0.149 0.02 0.05
0.149 0.019 0.05
0.149 0.018 0.05
0.149 0.017 0.05
0.149 0.016 0.05
0.149 0.015 0.05
0.149 0.014 0.05
0.149 0.013 0.05
0.149 0.012 0.05
0.149 0.011 0.05
0.149 0.01 0.05
0.149 0.009 0.05
0.149 0.008 0.05
0.149 0.007 0.05
0.149 0.006 0.05
0.149 0.005 0.05
0.149 0.004 0.05
0.149 0.003 0.05
0.149 0.002 0.05
0.149 0.001 0.05
0.14304 0.0011184 0.05
0.14304 0.0022368 0.05
0.14304 0.0033552 0.05
0.14304 0.0044736 0.05
0.14304 0.005592 0.05
0.14304 0.0067104 0.05
0.14304 0.0078288 0.05
0.14304 0.0089472 0.05
0.14304 0.0100656 0.05
0.14304 0.011184 0.05
0.14304 0.0123024 0.05
0.14304 0.0134208 0.05
0.14304 0.0145392 0.05
0.14304 0.0156576 0.05
0.14304 0.016776 0.05
0.14304 0.0178944 0.05
0.14304 0.0190128 0.05
0.14304 0.0201312 0.05
0.14304 0.0212496 0.05
0.14304 0.022368 0.05
0.14304 0.0234864 0.05
0.14304 0.0246048 0.05
0.14304 0.0257232 0.05
0.14304 0.0268416 0.05
0.14304 0.02892 0.05
0.15248 0.02892 0.05
0.16096 0.02892 0.05
0.16944 0.02892 0.05
0.17792 0.02892 0.05
0.1864 0.02892 0.05
0.19488 0.02892 0.05
0.20336 0.02892 0.05
0.21184 0.02892 0.05
0.22032 0.02892 0.05
0.2288 0.02892 0.05
0.23728 0.02892 0.05
0.24576 0.02892 0.05
0.25424 0.02892 0.05
0.26272 0.02892 0.05
0.2712 0.02892 0.05
0.27968 0.02892 0.05
0.28816 0.02892 0.05
0.29664 0.02892 0.05
0.30512 0.02892 0.05
0.3136 0.02892 0.05
0.32208 0.02892 0.05
0.33056 0.02892 0.05
0.33904 0.02892 0.05
0.34752 0.02892 0.05
0.35696 0.02892 0.05
0.35696 0.0268416 0.05
0.35696 0.0257232 0.05
0.35696 0.0246048 0.05
0.35696 0.0234864 0.05
0.35696 0.022368 0.05
0.35696 0.0212496 0.05
0.35696 0.0201312 0.05
0.35696 0.0190128 0.05
0.35696 0.0178944 0.05
0.35696 0.016776 0.05
0.35696 0.0156576 0.05
0.35696 0.0145392 0.05
0.35696 0.0134208 0.05
0.35696 0.0123024 0.05
0.35696 0.011184 0.05
0.35696 0.0100656 0.05
0.35696 0.0089472 0.05
0.35696 0.0078288 0.05
0.35696 0.0067104 0.05
0.35696 0.005592 0.05
0.35696 0.0044736 0.05
0.35696 0.0033552 0.05
0.35696 0.0022368 0.05
0.35696 0.0011184 0.05
0.13708 0.0012368 0.05
0.13708 0.0024736 0.05
0.13708 0.0037104 0.05
0.13708 0.0049472 0.05
0.13708 0.006184 0.05
0.13708 0.0074208 0.05
0.13708 0.0086576 0.05
0.13708 0.0098944 0.05
0.13708 0.0111312 0.05
0.13708 0.012368 0.05
0.13708 0.0136048 0.05
0.13708 0.0148416 0.05
0.13708 0.0160784 0.05
0.13708 0.0173152 0.05
0.13708 0.018552 0.05
0.13708 0.0197888 0.05
0.13708 0.0210256 0.05
0.13708 0.0222624 0.05
0.13708 0.0234992 0.05
0.13708 0.024736 0.05
0.13708 0.0259728 0.05
0.13708 0.0272096 0.05
0.13708 0.0284464 0.05
0.13708 0.0296832 0.05
0.13708 0.03184 0.05
0.14696 0.03184 0.05
0.15592 0.03184 0.05
0.16488 0.03184 0.05
0.17384 0.03184 0.05
0.1828 0.03184 0.05
0.19176 0.03184 0.05
0.20072 0.03184 0.05
0.20968 0.03184 0.05
0.21864 0.03184 0.05
0.2276 0.03184 0.05
0.23656 0.03184 0.05
0.24552 0.03184 0.05
0.25448 0.03184 0.05
0.26344 0.03184 0.05
0.2724 0.03184 0.05
0.28136 0.03184 0.05
0.29032 0.03184 0.05
0.29928 0.03184 0.05
0.30824 0.03184 0.05
0.3172 0.03184 0.05
0.32616 0.03184 0.05
0.33512 0.03184 0.05
0.34408 0.03184 0.05
0.35304 0.03184 0.05
0.36292 0.03184 0.05
0.36292 0.0296832 0.05
0.36292 0.0284464 0.05
0.36292 0.0272096 0.05
0.36292 0.0259728 0.05
0.36292 0.024736 0.05
0.36292 0.0234992 0.05
0.36292 0.0222624 0.05
0.36292 0.0210256 0.05
0.36292 0.0197888 0.05
0.36292 0.018552 0.05
0.36292 0.0173152 0.05
0.36292 0.0160784 0.05
0.36292 0.0148416 0.05
0.36292 0.0136048 0.05
0.36292 0.012368 0.05
0.36292 0.0111312 0.05
0.36292 0.0098944 0.05
0.36292 0.0086576 0.05
0.36292 0.0074208 0.05
0.36292 0.006184 0.05
0.36292 0.0049472 0.05
0.36292 0.0037104 0.05
0.36292 0.0024736 0.05
0.36292 0.0012368 0.05
0.13112 0.0013552 0.05
0.13112 0.0027104 0.05
0.13112 0.0040656 0.05
0.13112 0.0054208 0.05
0.13112 0.006776 0.05
0.13112 0.0081312 0.05
0.13112 0.0094864 0.05
0.13112 0.0108416 0.05
0.13112 0.0121968 0.05
0.13112 0.013552 0.05
0.13112 0.0149072 0.05
0.13112 0.0162624 0.05
0.13112 0.0176176 0.05
0.13112 0.0189728 0.05
0.13112 0.020328 0.05
0.13112 0.0216832 0.05
0.13112 0.0230384 0.05
0.13112 0.0243936 0.05
0.13112 0.0257488 0.05
0.13112 0.027104 0.05
0.13112 0.0284592 0.05
0.13112 0.0298144 0.05
0.13112 0.0311696 0.05
0.13112 0.0325248 0.05
0.13112 0.03476 0.05
0.14144 0.03476 0.05
0.15088 0.03476 0.05
0.16032 0.03476 0.05
0.16976 0.03476 0.05
0.1792 0.03476 0.05
0.18864 0.03476 0.05
0.19808 0.03476 0.05
0.20752 0.03476 0.05
0.21696 0.03476 0.05
0.2264 0.03476 0.05
0.23584 0.03476 0.05
0.24528 0.03476 0.05
0.25472 0.03476 0.05
0.26416 0.03476 0.05
0.2736 0.03476 0.05
0.28304 0.03476 0.05
0.29248 0.03476 0.05
0.30192 0.03476 0.05
0.31136 0.03476 0.05
0.3208 0.03476 0.05
0.33024 0.03476 0.05
0.33968 0.03476 0.05
0.34912 0.03476 0.05
0.35856 0.03476 0.05
0.36888 0.03476 0.05
0.36888 0.0325248 0.05
0.36888 0.0311696 0.05
0.36888 0.0298144 0.05
0.36888 0.0284592 0.05
0.36888 0.027104 0.05
0.36888 0.0257488 0.05
0.36888 0.0243936 0.05
0.36888 0.0230384 0.05
0.36888 0.0216832 0.05
0.36888 0.020328 0.05
0.36888 0.0189728 0.05
0.36888 0.0176176 0.05
0.36888 0.0162624 0.05
0.36888 0.0149072 0.05
0.36888 0.013552 0.05
0.36888 0.0121968 0.05
0.36888 0.0108416 0.05
0.36888 0.0094864 0.05
0.36888 0.0081312 0.05
0.36888 0.006776 0.05
0.36888 0.0054208 0.05
0.36888 0.0040656 0.05
0.36888 0.0027104 0.05
0.36888 0.0013552 0.05
0.12516 0.0014736 0.05
0.12516 0.0029472 0.05
0.12516 0.0044208 0.05
0.12516 0.0058944 0.05
0.12516 0.007368 0.05
0.12516 0.0088416 0.05
0.12516 0.0103152 0.05
0.12516 0.0117888 0.05
0.12516 0.0132624 0.05
0.12516 0.014736 0.05
0.12516 0.0162096 0.05
0.12516 0.0176832 0.05
0.12516 0.0191568 0.05
0.12516 0.0206304 0.05
0.12516 0.022104 0.05
0.12516 0.0235776 0.05
0.12516 0.0250512 0.05
0.12516 0.0265248 0.05
0.12516 0.0279984 0.05
0.12516 0.029472 0.05
0.12516 0.0309456 0.05
0.12516 0.0324192 0.05
0.12516 0.0338928 0.05
0.12516 0.0353664 0.05
0.12516 0.03768 0.05
0.13592 0.03768 0.05
0.14584 0.03768 0.05
0.15576 0.03768 0.05
0.16568 0.03768 0.05
0.1756 0.03768 0.05
0.18552 0.03768 0.05
0.19544 0.03768 0.05
0.20536 0.03768 0.05
0.21528 0.03768 0.05
0.2252 0.03768 0.05
0.23512 0.03768 0.05
0.24504 0.03768 0.05
0.25496 0.03768 0.05
0.26488 0.03768 0.05
0.2748 0.03768 0.05
0.28472 0.03768 0.05
0.29464 0.03768 0.05
0.30456 0.03768 0.05
0.31448 0.03768 0.05
0.3244 0.03768 0.05
0.33432 0.03768 0.05
0.34424 0.03768 0.05
0.35416 0.03768 0.05
0.36408 0.03768 0.05
0.37484 0.03768 0.05
0.37484 0.0353664 0.05
0.37484 0.0338928 0.05
0.37484 0.0324192 0.05
0.37484 0.0309456 0.05
0.37484 0.029472 0.05
0.37484 0.0279984 0.05
0.37484 0.0265248 0.05
0.37484 0.0250512 0.05
0.37484 0.0235776 0.05
0.37484 0.022104 0.05
0.37484 0.0206304 0.05
0.37484 0.0191568 0.05
0.37484 0.0176832 0.05
0.37484 0.0162096 0.05
0.37484 0.014736 0.05
0.37484 0.0132624 0.05
0.37484 0.0117888 0.05
0.37484 0.0103152 0.05
0.37484 0.0088416 0.05
0.37484 0.007368 0.05
0.37484 0.0058944 0.05
0.37484 0.0044208 0.05
0.37484 0.0029472 0.05
0.37484 0.0014736 0.05
0.1192 0.001592 0.05
0.1192 0.003184 0.05
0.1192 0.004776 0.05
0.1192 0.006368 0.05
0.1192 0.00796 0.05
0.1192 0.009552 0.05
0.1192 0.011144 0.05
0.1192 0.012736 0.05
0.1192 0.014328 0.05
0.1192 0.01592 0.05
0.1192 0.017512 0.05
0.1192 0.019104 0.05
0.1192 0.020696 0.05
0.1192 0.022288 0.05
0.1192 0.02388 0.05
0.1192 0.025472 0.05
0.1192 0.027064 0.05
0.1192 0.028656 0.05
0.1192 0.030248 0.05
0.1192 0.03184 0.05
0.1192 0.033432 0.05
0.1192 0.035024 0.05
0.1192 0.036616 0.05
0.1192 0.038208 0.05
0.1192 0.0406 0.05
0.1304 0.0406 0.05
0.1408 0.0406 0.05
0.1512 0.0406 0.05
0.1616 0.0406 0.05
0.172 0.0406 0.05
0.1824 0.0406 0.05
0.1928 0.0406 0.05
0.2032 0.0406 0.05
0.2136 0.0406 0.05
0.224 0.0406 0.05
0.2344 0.0406 0.05
0.2448 0.0406 0.05
0.2552 0.0406 0.05
0.2656 0.0406 0.05
0.276 0.0406 0.05
0.2864 0.0406 0.05
0.2968 0.0406 0.05
0.3072 0.0406 0.05
0.3176 0.0406 0.05
0.328 0.0406 0.05
0.3384 0.0406 0.05
0.3488 0.0406 0.05
0.3592 0.0406 0.05
0.3696 0.0406 0.05
0.3808 0.0406 0.05
0.3808 0.038208 0.05
0.3808 0.036616 0.05
0.3808 0.035024 0.05
0.3808 0.033432 0.05
0.3808 0.03184 0.05
0.3808 0.030248 0.05
0.3808 0.028656 0.05
0.3808 0.027064 0.05
0.3808 0.025472 0.05
0.3808 0.02388 0.05
0.3808 0.022288 0.05
0.3808 0.020696 0.05
0.3808 0.019104 0.05
0.3808 0.017512 0.05
0.3808 0.01592 0.05
0.3808 0.014328 0.05
0.3808 0.012736 0.05
0.3808 0.011144 0.05
0.3808 0.009552 0.05
0.3808 0.00796 0.05
0.3808 0.006368 0.05
0.3808 0.004776 0.05
0.3808 0.003184 0.05
0.3808 0.001592 0.05
0.11324 0.0017104 0.05
0.11324 0.0034208 0.05
0.11324 0.0051312 0.05
0.11324 0.0068416 0.05
0.11324 0.008552 0.05
0.11324 0.0102624 0.05
0.11324 0.0119728 0.05
0.11324 0.0136832 0.05
0.11324 0.0153936 0.05
0.11324 0.017104 0.05
0.11324 0.0188144 0.05
0.11324 0.0205248 0.05
0.11324 0.0222352 0.05
0.11324 0.0239456 0.05
0.11324 0.025656 0.05
0.11324 0.0273664 0.05
0.11324 0.0290768 0.05
0.11324 0.0307872 0.05
0.11324 0.0324976 0.05
0.11324 0.034208 0.05
0.11324 0.0359184 0.05
0.11324 0.0376288 0.05
0.11324 0.0393392 0.05
0.11324 0.0410496 0.05
0.11324 0.04352 0.05
0.12488 0.04352 0.05
0.13576 0.04352 0.05
0.14664 0.04352 0.05
0.15752 0.04352 0.05
0.1684 0.04352 0.05
0.17928 0.04352 0.05
0.19016 0.04352 0.05
0.20104 0.04352 0.05
0.21192 0.04352 0.05
0.2228 0.04352 0.05
0.23368 0.04352 0.05
0.24456 0.04352 0.05
0.25544 0.04352 0.05
0.26632 0.04352 0.05
0.2772 0.04352 0.05
0.28808 0.04352 0.05
0.29896 0.04352 0.05
0.30984 0.04352 0.05
0.32072 0.04352 0.05
0.3316 0.04352 0.05
0.34248 0.04352 0.05
0.35336 0.04352 0.05
0.36424 0.04352 0.05
0.37512 0.04352 0.05
0.38676 0.04352 0.05
0.38676 0.0410496 0.05
0.38676 0.0393392 0.05
0.38676 0.0376288 0.05
0.38676 0.0359184 0.05
0.38676 0.034208 0.05
0.38676 0.0324976 0.05
0.38676 0.0307872 0.05
0.38676 0.0290768 0.05
0.38676 0.0273664 0.05
0.38676 0.025656 0.05
0.38676 0.0239456 0.05
0.38676 0.0222352 0.05
0.38676 0.0205248 0.05
0.38676 0.0188144 0.05
0.38676 0.017104 0.05
0.38676 0.0153936 0.05
0.38676 0.0136832 0.05
0.38676 0.0119728 0.05
0.38676 0.0102624 0.05
0.38676 0.008552 0.05
0.38676 0.0068416 0.05
0.38676 0.0051312 0.05
0.38676 0.0034208 0.05
0.38676 0.0017104 0.05
0.10728 0.0018288 0.05
0.10728 0.0036576 0.05
0.10728 0.0054864 0.05
0.10728 0.0073152 0.05
0.10728 0.009144 0.05
0.10728 0.0109728 0.05
0.10728 0.0128016 0.05
0.10728 0.0146304 0.05
0.10728 0.0164592 0.05
0.10728 0.018288 0.05
0.10728 0.0201168 0.05
0.10728 0.0219456 0.05
0.10728 0.0237744 0.05
0.10728 0.0256032 0.05
0.10728 0.027432 0.05
0.10728 0.0292608 0.05
0.10728 0.0310896 0.05
0.10728 0.0329184 0.05
0.10728 0.0347472 0.05
0.10728 0.036576 0.05
0.10728 0.0384048 0.05
0.10728 0.0402336 0.05
0.10728 0.0420624 0.05
0.10728 0.0438912 0.05
0.10728 0.04644 0.05
0.11936 0.04644 0.05
0.13072 0.04644 0.05
0.14208 0.04644 0.05
0.15344 0.04644 0.05
0.1648 0.04644 0.05
0.17616 0.04644 0.05
0.18752 0.04644 0.05
0.19888 0.04644 0.05
0.21024 0.04644 0.05
0.2216 0.04644 0.05
0.23296 0.04644 0.05
0.24432 0.04644 0.05
0.25568 0.04644 0.05
0.26704 0.04644 0.05
0.2784 0.04644 0.05
0.28976 0.04644 0.05
0.30112 0.04644 0.05
0.31248 0.04644 0.05
0.32384 0.04644 0.05
0.3352 0.04644 0.05
0.34656 0.04644 0.05
0.35792 0.04644 0.05
0.36928 0.04644 0.05
0.38064 0.04644 0.05
0.39272 0.04644 0.05
0.39272 0.0438912 0.05
0.39272 0.0420624 0.05
0.39272 0.0402336 0.05
0.39272 0.0384048 0.05
0.39272 0.036576 0.05
0.39272 0.0347472 0.05
0.39272 0.0329184 0.05
0.39272 0.0310896 0.05
0.39272 0.0292608 0.05
0.39272 0.027432 0.05
0.39272 0.0256032 0.05
0.39272 0.0237744 0.05
0.39272 0.0219456 0.05
0.39272 0.0201168 0.05
0.39272 0.018288 0.05
0.39272 0.0164592 0.05
0.39272 0.0146304 0.05
0.39272 0.0128016 0.05
0.39272 0.0109728 0.05
0.39272 0.009144 0.05
0.39272 0.0073152 0.05
0.39272 0.0054864 0.05
0.39272 0.0036576 0.05
0.39272 0.0018288 0.05
0.10132 0.0019472 0.05
0.10132 0.0038944 0.05
0.10132 0.0058416 0.05
0.10132 0.0077888 0.05
0.10132 0.009736 0.05
0.10132 0.0116832 0.05
0.10132 0.0136304 0.05
0.10132 0.0155776 0.05
0.10132 0.0175248 0.05
0.10132 0.019472 0.05
0.10132 0.0214192 0.05
0.10132 0.0233664 0.05
0.10132 0.0253136 0.05
0.10132 0.0272608 0.05
0.10132 0.029208 0.05
0.10132 0.0311552 0.05
0.10132 0.0331024 0.05
0.10132 0.0350496 0.05
0.10132 0.0369968 0.05
0.10132 0.038944 0.05
0.10132 0.0408912 0.05
0.10132 0.0428384 0.05
0.10132 0.0447856 0.05
0.10132 0.0467328 0.05
0.10132 0.04936 0.05
0.11384 0.04936 0.05
0.12568 0.04936 0.05
0.13752 0.04936 0.05
0.14936 0.04936 0.05
0.1612 0.04936 0.05
0.17304 0.04936 0.05
0.18488 0.04936 0.05
0.19672 0.04936 0.05
0.20856 0.04936 0.05
0.2204 0.04936 0.05
0.23224 0.04936 0.05
0.24408 0.04936 0.05
0.25592 0.04936 0.05
0.26776 0.04936 0.05
0.2796 0.04936 0.05
0.29144 0.04936 0.05
0.30328 0.04936 0.05
0.31512 0.04936 0.05
0.32696 0.04936 0.05
0.3388 0.04936 0.05
0.35064 0.04936 0.05
0.36248 0.04936 0.05
0.37432 0.04936 0.05
0.38616 0.04936 0.05
0.39868 0.04936 0.05
0.39868 0.0467328 0.05
0.39868 0.0447856 0.05
0.39868 0.0428384 0.05
0.39868 0.0408912 0.05
0.39868 0.038944 0.05
0.39868 0.0369968 0.05
0.39868 0.0350496 0.05
0.39868 0.0331024 0.05
0.39868 0.0311552 0.05
0.39868 0.029208 0.05
0.39868 0.0272608 0.05
0.39868 0.0253136 0.05
0.39868 0.0233664 0.05
0.39868 0.0214192 0.05
0.39868 0.019472 0.05
0.39868 0.0175248 0.05
0.39868 0.0155776 0.05
0.39868 0.0136304 0.05
0.39868 0.0116832 0.05
0.39868 0.009736 0.05
0.39868 0.0077888 0.05
0.39868 0.0058416 0.05
0.39868 0.0038944 0.05
0.39868 0.0019472 0.05
0.09536 0.0020656 0.05
0.09536 0.0041312 0.05
0.09536 0.0061968 0.05
0.09536 0.0082624 0.05
0.09536 0.010328 0.05
0.09536 0.0123936 0.05
0.09536 0.0144592 0.05
0.09536 0.0165248 0.05
0.09536 0.0185904 0.05
0.09536 0.020656 0.05
0.09536 0.0227216 0.05
0.09536 0.0247872 0.05
0.09536 0.0268528 0.05
0.09536 0.0289184 0.05
0.09536 0.030984 0.05
0.09536 0.0330496 0.05
0.09536 0.0351152 0.05
0.09536 0.0371808 0.05
0.09536 0.0392464 0.05
0.09536 0.041312 0.05
0.09536 0.0433776 0.05
0.09536 0.0454432 0.05
0.09536 0.0475088 0.05
0.09536 0.0495744 0.05
0.09536 0.05228 0.05
0.10832 0.05228 0.05
0.12064 0.05228 0.05
0.13296 0.05228 0.05
0.14528 0.05228 0.05
0.1576 0.05228 0.05
0.16992 0.05228 0.05
0.18224 0.05228 0.05
0.19456 0.05228 0.05
0.20688 0.05228 0.05
0.2192 0.05228 0.05
0.23152 0.05228 0.05
0.24384 0.05228 0.05
0.25616 0.05228 0.05
0.26848 0.05228 0.05
0.2808 0.05228 0.05
0.29312 0.05228 0.05
0.30544 0.05228 0.05
0.31776 0.05228 0.05
0.33008 0.05228 0.05
0.3424 0.05228 0.05
0.35472 0.05228 0.05
0.36704 0.05228 0.05
0.37936 0.05228 0.05
0.39168 0.05228 0.05
0.40464 0.05228 0.05
0.40464 0.0495744 0.05
0.40464 0.0475088 0.05
0.40464 0.0454432 0.05
0.40464 0.0433776 0.05
0.40464 0.041312 0.05
0.40464 0.0392464 0.05
0.40464 0.0371808 0.05
0.40464 0.0351152 0.05
0.40464 0.0330496 0.05
0.40464 0.030984 0.05
0.40464 0.0289184 0.05
0.40464 0.0268528 0.05
0.40464 0.0247872 0.05
0.40464 0.0227216 0.05
0.40464 0.020656 0.05
0.40464 0.0185904 0.05
0.40464 0.0165248 0.05
0.40464 0.0144592 0.05
0.40464 0.0123936 0.05
0.40464 0.010328 0.05
0.40464 0.0082624 0.05
0.40464 0.0061968 0.05
0.40464 0.0041312 0.05
0.40464 0.0020656 0.05
0.0894 0.002184 0.05
0.0894 0.004368 0.05
0.0894 0.006552 0.05
0.0894 0.008736 0.05
0.0894 0.01092 0.05
0.0894 0.013104 0.05
0.0894 0.015288 0.05
0.0894 0.017472 0.05
0.0894 0.019656 0.05
0.0894 0.02184 0.05
0.0894 0.024024 0.05
0.0894 0.026208 0.05
0.0894 0.028392 0.05
0.0894 0.030576 0.05
0.0894 0.03276 0.05
0.0894 0.034944 0.05
0.0894 0.037128 0.05
0.0894 0.039312 0.05
0.0894 0.041496 0.05
0.0894 0.04368 0.05
0.0894 0.045864 0.05
0.0894 0.048048 0.05
0.0894 0.050232 0.05
0.0894 0.052416 0.05
0.0894 0.0552 0.05
0.1028 0.0552 0.05
0.1156 0.0552 0.05
0.1284 0.0552 0.05
0.1412 0.0552 0.05
0.154 0.0552 0.05
0.1668 0.0552 0.05
0.1796 0.0552 0.05
0.1924 0.0552 0.05
0.2052 0.0552 0.05
0.218 0.0552 0.05
0.2308 0.0552 0.05
0.2436 0.0552 0.05
0.2564 0.0552 0.05
0.2692 0.0552 0.05
0.282 0.0552 0.05
0.2948 0.0552 0.05
0.3076 0.0552 0.05
0.3204 0.0552 0.05
0.3332 0.0552 0.05
0.346 0.0552 0.05
0.3588 0.0552 0.05
0.3716 0.0552 0.05
0.3844 0.0552 0.05
0.3972 0.0552 0.05
0.4106 0.0552 0.05
0.4106 0.052416 0.05
0.4106 0.050232 0.05
0.4106 0.048048 0.05
0.4106 0.045864 0.05
0.4106 0.04368 0.05
0.4106 0.041496 0.05
0.4106 0.039312 0.05
0.4106 0.037128 0.05
0.4106 0.034944 0.05
0.4106 0.03276 0.05
0.4106 0.030576 0.05
0.4106 0.028392 0.05
0.4106 0.026208 0.05
0.4106 0.024024 0.05
0.4106 0.02184 0.05
0.4106 0.019656 0.05
0.4106 0.017472 0.05
0.4106 0.015288 0.05
0.4106 0.013104 0.05
0.4106 0.01092 0.05
0.4106 0.008736 0.05
0.4106 0.006552 0.05
0.4106 0.004368 0.05
0.4106 0.002184 0.05
0.08344 0.0023024 0.05
0.08344 0.0046048 0.05
0.08344 0.0069072 0.05
0.08344 0.0092096 0.05
0.08344 0.011512 0.05
0.08344 0.0138144 0.05
0.08344 0.0161168 0.05
0.08344 0.0184192 0.05
0.08344 0.0207216 0.05
0.08344 0.023024 0.05
0.08344 0.0253264 0.05
0.08344 0.0276288 0.05
0.08344 0.0299312 0.05
0.08344 0.0322336 0.05
0.08344 0.034536 0.05
0.08344 0.0368384 0.05
0.08344 0.0391408 0.05
0.08344 0.0414432 0.05
0.08344 0.0437456 0.05
0.08344 0.046048 0.05
0.08344 0.0483504 0.05
0.08344 0.0506528 0.05
0.08344 0.0529552 0.05
0.08344 0.0552576 0.05
0.08344 0.05812 0.05
0.09728 0.05812 0.05
0.11056 0.05812 0.05
0.12384 0.05812 0.05
0.13712 0.05812 0.05
0.1504 0.05812 0.05
0.16368 0.05812 0.05
0.17696 0.05812 0.05
0.19024 0.05812 0.05
0.20352 0.05812 0.05
0.2168 0.05812 0.05
0.23008 0.05812 0.05
0.24336 0.05812 0.05
0.25664 0.05812 0.05
0.26992 0.05812 0.05
0.2832 0.05812 0.05
0.29648 0.05812 0.05
0.30976 0.05812 0.05
0.32304 0.05812 0.05
0.33632 0.05812 0.05
0.3496 0.05812 0.05
0.36288 0.05812 0.05
0.37616 0.05812 0.05
0.38944 0.05812 0.05
0.40272 0.05812 0.05
0.41656 0.05812 0.05
0.41656 0.0552576 0.05
0.41656 0.0529552 0.05
0.41656 0.0506528 0.05
0.41656 0.0483504 0.05
0.41656 0.046048 0.05
0.41656 0.0437456 0.05
0.41656 0.0414432 0.05
0.41656 0.0391408 0.05
0.41656 0.0368384 0.05
0.41656 0.034536 0.05
0.41656 0.0322336 0.05
0.41656 0.0299312 0.05
0.41656 0.0276288 0.05
0.41656 0.0253264 0.05
0.41656 0.023024 0.05
0.41656 0.0207216 0.05
0.41656 0.0184192 0.05
0.41656 0.0161168 0.05
0.41656 0.0138144 0.05
0.41656 0.011512 0.05
0.41656 0.0092096 0.05
0.41656 0.0069072 0.05
0.41656 0.0046048 0.05
0.41656 0.0023024 0.05
0.07748 0.0024208 0.05
0.07748 0.0048416 0.05
0.07748 0.0072624 0.05
0.07748 0.0096832 0.05
0.07748 0.012104 0.05
0.07748 0.0145248 0.05
0.07748 0.0169456 0.05
0.07748 0.0193664 0.05
0.07748 0.0217872 0.05
0.07748 0.024208 0.05
0.07748 0.0266288 0.05
0.07748 0.0290496 0.05
0.07748 0.0314704 0.05
0.07748 0.0338912 0.05
0.07748 0.036312 0.05
0.07748 0.0387328 0.05
0.07748 0.0411536 0.05
0.07748 0.0435744 0.05
0.07748 0.0459952 0.05
0.07748 0.048416 0.05
0.07748 0.0508368 0.05
0.07748 0.0532576 0.05
0.07748 0.0556784 0.05
0.07748 0.0580992 0.05
0.07748 0.06104 0.05
0.09176 0.06104 0.05
0.10552 0.06104 0.05
0.11928 0.06104 0.05
0.13304 0.06104 0.05
0.1468 0.06104 0.05
0.16056 0.06104 0.05
0.17432 0.06104 0.05
0.18808 0.06104 0.05
0.20184 0.06104 0.05
0.2156 0.06104 0.05
0.22936 0.06104 0.05
0.24312 0.06104 0.05
0.25688 0.06104 0.05
0.27064 0.06104 0.05
0.2844 0.06104 0.05
0.29816 0.06104 0.05
0.31192 0.06104 0.05
0.32568 0.06104 0.05
0.33944 0.06104 0.05
0.3532 0.06104 0.05
0.36696 0.06104 0.05
0.38072 0.06104 0.05
0.39448 0.06104 0.05
0.40824 0.06104 0.05
0.42252 0.06104 0.05
0.42252 0.0580992 0.05
0.42252 0.0556784 0.05
0.42252 0.0532576 0.05
0.42252 0.0508368 0.05
0.42252 0.048416 0.05
0.42252 0.0459952 0.05
0.42252 0.0435744 0.05
0.42252 0.0411536 0.05
0.42252 0.0387328 0.05
0.42252 0.036312 0.05
0.42252 0.0338912 0.05
0.42252 0.0314704 0.05
0.42252 0.0290496 0.05
0.42252 0.0266288 0.05
0.42252 0.024208 0.05
0.42252 0.0217872 0.05
0.42252 0.0193664 0.05
0.42252 0.0169456 0.05
0.42252 0.0145248 0.05
0.42252 0.012104 0.05
0.42252 0.0096832 0.05
0.42252 0.0072624 0.05
0.42252 0.0048416 0.05
0.42252 0.0024208 0.05
0.07152 0.0025392 0.05
0.07152 0.0050784 0.05
0.07152 0.0076176 0.05
0.07152 0.0101568 0.05
0.07152 0.012696 0.05
0.07152 0.0152352 0.05
0.07152 0.0177744 0.05
0.07152 0.0203136 0.05
0.07152 0.0228528 0.05
0.07152 0.025392 0.05
0.07152 0.0279312 0.05
0.07152 0.0304704 0.05
0.07152 0.0330096 0.05
0.07152 0.0355488 0.05
0.07152 0.038088 0.05
0.07152 0.0406272 0.05
0.07152 0.0431664 0.05
0.07152 0.0457056 0.05
0.07152 0.0482448 0.05
0.07152 0.050784 0.05
0.07152 0.0533232 0.05
0.07152 0.0558624 0.05
0.07152 0.0584016 0.05
0.07152 0.0609408 0.05
0.07152 0.06396 0.05
0.08624 0.06396 0.05
0.10048 0.06396 0.05
0.11472 0.06396 0.05
0.12896 0.06396 0.05
0.1432 0.06396 0.05
0.15744 0.06396 0.05
0.17168 0.06396 0.05
0.18592 0.06396 0.05
0.20016 0.06396 0.05
0.2144 0.06396 0.05
0.22864 0.06396 0.05
0.24288 0.06396 0.05
0.25712 0.06396 0.05
0.27136 0.06396 0.05
0.2856 0.06396 0.05
0.29984 0.06396 0.05
0.31408 0.06396 0.05
0.32832 0.06396 0.05
0.34256 0.06396 0.05
0.3568 0.06396 0.05
0.37104 0.06396 0.05
0.38528 0.06396 0.05
0.39952 0.06396 0.05
0.41376 0.06396 0.05
0.42848 0.06396 0.05
0.42848 0.0609408 0.05
0.42848 0.0584016 0.05
0.42848 0.0558624 0.05
0.42848 0.0533232 0.05
0.42848 0.050784 0.05
0.42848 0.0482448 0.05
0.42848 0.0457056 0.05
0.42848 0.0431664 0.05
0.42848 0.0406272 0.05
0.42848 0.038088 0.05
0.42848 0.0355488 0.05
0.42848 0.0330096 0.05
0.42848 0.0304704 0.05
0.42848 0.0279312 0.05
0.42848 0.025392 0.05
0.42848 0.0228528 0.05
0.42848 0.0203136 0.05
0.42848 0.0177744 0.05
0.42848 0.0152352 0.05
0.42848 0.012696 0.05
0.42848 0.0101568 0.05
0.42848 0.0076176 0.05
0.42848 0.0050784 0.05
0.42848 0.0025392 0.05
0.06556 0.0026576 0.05
0.06556 0.0053152 0.05
0.06556 0.0079728 0.05
0.06556 0.0106304 0.05
0.06556 0.013288 0.05
0.06556 0.0159456 0.05
0.06556 0.0186032 0.05
0.06556 0.0212608 0.05
0.06556 0.0239184 0.05
0.06556 0.026576 0.05
0.06556 0.0292336 0.05
0.06556 0.0318912 0.05
0.06556 0.0345488 0.05
0.06556 0.0372064 0.05
0.06556 0.039864 0.05
0.06556 0.0425216 0.05
0.06556 0.0451792 0.05
0.06556 0.0478368 0.05
0.06556 0.0504944 0.05
0.06556 0.053152 0.05
0.06556 0.0558096 0.05
0.06556 0.0584672 0.05
0.06556 0.0611248 0.05
0.06556 0.0637824 0.05
0.06556 0.06688 0.05
0.08072 0.06688 0.05
0.09544 0.06688 0.05
0.11016 0.06688 0.05
0.12488 0.06688 0.05
0.1396 0.06688 0.05
0.15432 0.06688 0.05
0.16904 0.06688 0.05
0.18376 0.06688 0.05
0.19848 0.06688 0.05
0.2132 0.06688 0.05
0.22792 0.06688 0.05
0.24264 0.06688 0.05
0.25736 0.06688 0.05
0.27208 0.06688 0.05
0.2868 0.06688 0.05
0.30152 0.06688 0.05
0.31624 0.06688 0.05
0.33096 0.06688 0.05
0.34568 0.06688 0.05
0.3604 0.06688 0.05
0.37512 0.06688 0.05
0.38984 0.06688 0.05
0.40456 0.06688 0.05
0.41928 0.06688 0.05
0.43444 0.06688 0.05
0.43444 0.0637824 0.05
0.43444 0.0611248 0.05
0.43444 0.0584672 0.05
0.43444 0.0558096 0.05
0.43444 0.053152 0.05
0.43444 0.0504944 0.05
0.43444 0.0478368 0.05
0.43444 0.0451792 0.05
0.43444 0.0425216 0.05
0.43444 0.039864 0.05
0.43444 0.0372064 0.05
0.43444 0.0345488 0.05
0.43444 0.0318912 0.05
0.43444 0.0292336 0.05
0.43444 0.026576 0.05
0.43444 0.0239184 0.05
0.43444 0.0212608 0.05
0.43444 0.0186032 0.05
0.43444 0.0159456 0.05
0.43444 0.013288 0.05
0.43444 0.0106304 0.05
0.43444 0.0079728 0.05
0.43444 0.0053152 0.05
0.43444 0.0026576 0.05
0.0596 0.002776 0.05
0.0596 0.005552 0.05
0.0596 0.008328 0.05
0.0596 0.011104 0.05
0.0596 0.01388 0.05
0.0596 0.016656 0.05
0.0596 0.019432 0.05
0.0596 0.022208 0.05
0.0596 0.024984 0.05
0.0596 0.02776 0.05
0.0596 0.030536 0.05
0.0596 0.033312 0.05
0.0596 0.036088 0.05
0.0596 0.038864 0.05
0.0596 0.04164 0.05
0.0596 0.044416 0.05
0.0596 0.047192 0.05
0.0596 0.049968 0.05
0.0596 0.052744 0.05
0.0596 0.05552 0.05
0.0596 0.058296 0.05
0.0596 0.061072 0.05
0.0596 0.063848 0.05
0.0596 0.066624 0.05
0.0596 0.0698 0.05
0.0752 0.0698 0.05
0.0904 0.0698 0.05
0.1056 0.0698 0.05
0.1208 0.0698 0.05
0.136 0.0698 0.05
0.1512 0.0698 0.05
0.1664 0.0698 0.05
0.1816 0.0698 0.05
0.1968 0.0698 0.05
0.212 0.0698 0.05
0.2272 0.0698 0.05
0.2424 0.0698 0.05
0.2576 0.0698 0.05
0.2728 0.0698 0.05
0.288 0.0698 0.05
0.3032 0.0698 0.05
0.3184 0.0698 0.05
0.3336 0.0698 0.05
0.3488 0.0698 0.05
0.364 0.0698 0.05
0.3792 0.0698 0.05
0.3944 0.0698 0.05
0.4096 0.0698 0.05
0.4248 0.0698 0.05
0.4404 0.0698 0.05
0.4404 0.066624 0.05
0.4404 0.063848 0.05
0.4404 0.061072 0.05
0.4404 0.058296 0.05
0.4404 0.05552 0.05
0.4404 0.052744 0.05
0.4404 0.049968 0.05
0.4404 0.047192 0.05
0.4404 0.044416 0.05
0.4404 0.04164 0.05
0.4404 0.038864 0.05
0.4404 0.036088 0.05
0.4404 0.033312 0.05
0.4404 0.030536 0.05
0.4404 0.02776 0.05
0.4404 0.024984 0.05
0.4404 0.022208 0.05
0.4404 0.019432 0.05
0.4404 0.016656 0.05
0.4404 0.01388 0.05
0.4404 0.011104 0.05
0.4404 0.008328 0.05
0.4404 0.005552 0.05
0.4404 0.002776 0.05
0.05364 0.0028944 0.05
0.05364 0.0057888 0.05
0.05364 0.0086832 0.05
0.05364 0.0115776 0.05
0.05364 0.014472 0.05
0.05364 0.0173664 0.05
0.05364 0.0202608 0.05
0.05364 0.0231552 0.05
0.05364 0.0260496 0.05
0.05364 0.028944 0.05
0.05364 0.0318384 0.05
0.05364 0.0347328 0.05
0.05364 0.0376272 0.05
0.05364 0.0405216 0.05
0.05364 0.043416 0.05
0.05364 0.0463104 0.05
0.05364 0.0492048 0.05
0.05364 0.0520992 0.05
0.05364 0.0549936 0.05
0.05364 0.057888 0.05
0.05364 0.0607824 0.05
0.05364 0.0636768 0.05
0.05364 0.0665712 0.05
0.05364 0.0694656 0.05
0.05364 0.07272 0.05
0.06968 0.07272 0.05
0.08536 0.07272 0.05
0.10104 0.07272 0.05
0.11672 0.07272 0.05
0.1324 0.07272 0.05
0.14808 0.07272 0.05
0.16376 0.07272 0.05
0.17944 0.07272 0.05
0.19512 0.07272 0.05
0.2108 0.07272 0.05
0.22648 0.07272 0.05
0.24216 0.07272 0.05
0.25784 0.07272 0.05
0.27352 0.07272 0.05
0.2892 0.07272 0.05
0.30488 0.07272 0.05
0.32056 0.07272 0.05
0.33624 0.07272 0.05
0.35192 0.07272 0.05
0.3676 0.07272 0.05
0.38328 0.07272 0.05
0.39896 0.07272 0.05
0.41464 0.07272 0.05
0.43032 0.07272 0.05
0.44636 0.07272 0.05
0.44636 0.0694656 0.05
0.44636 0.0665712 0.05
0.44636 0.0636768 0.05
0.44636 0.0607824 0.05
0.44636 0.057888 0.05
0.44636 0.0549936 0.05
0.44636 0.0520992 0.05
0.44636 0.0492048 0.05
0.44636 0.0463104 0.05
0.44636 0.043416 0.05
0.44636 0.0405216 0.05
0.44636 0.0376272 0.05
0.44636 0.0347328 0.05
0.44636 0.0318384 0.05
0.44636 0.028944 0.05
0.44636 0.0260496 0.05
0.44636 0.0231552 0.05
0.44636 0.0202608 0.05
0.44636 0.0173664 0.05
0.44636 0.014472 0.05
0.44636 0.0115776 0.05
0.44636 0.0086832 0.05
0.44636 0.0057888 0.05
0.44636 0.0028944 0.05
0.04768 0.0030128 0.05
0.04768 0.0060256 0.05
0.04768 0.0090384 0.05
0.04768 0.0120512 0.05
0.04768 0.015064 0.05
0.04768 0.0180768 0.05
0.04768 0.0210896 0.05
0.04768 0.0241024 0.05
0.04768 0.0271152 0.05
0.04768 0.030128 0.05
0.04768 0.0331408 0.05
0.04768 0.0361536 0.05
0.04768 0.0391664 0.05
0.04768 0.0421792 0.05
0.04768 0.045192 0.05
0.04768 0.0482048 0.05
0.04768 0.0512176 0.05
0.04768 0.0542304 0.05
0.04768 0.0572432 0.05
0.04768 0.060256 0.05
0.04768 0.0632688 0.05
0.04768 0.0662816 0.05
0.04768 0.0692944 0.05
0.04768 0.0723072 0.05
0.04768 0.07564 0.05
0.06416 0.07564 0.05
0.08032 0.07564 0.05
0.09648 0.07564 0.05
0.11264 0.07564 0.05
0.1288 0.07564 0.05
0.14496 0.07564 0.05
0.16112 0.07564 0.05
0.17728 0.07564 0.05
0.19344 0.07564 0.05
0.2096 0.07564 0.05
0.22576 0.07564 0.05
0.24192 0.07564 0.05
0.25808 0.07564 0.05
0.27424 0.07564 0.05
0.2904 0.07564 0.05
0.30656 0.07564 0.05
0.32272 0.07564 0.05
0.33888 0.07564 0.05
0.35504 0.07564 0.05
0.3712 0.07564 0.05
0.38736 0.07564 0.05
0.40352 0.07564 0.05
0.41968 0.07564 0.05
0.43584 0.07564 0.05
0.45232 0.07564 0.05
0.45232 0.0723072 0.05
0.45232 0.0692944 0.05
0.45232 0.0662816 0.05
0.45232 0.0632688 0.05
0.45232 0.060256 0.05
0.45232 0.0572432 0.05
0.45232 0.0542304 0.05
0.45232 0.0512176 0.05
0.45232 0.0482048 0.05
0.45232 0.045192 0.05
0.45232 0.0421792 0.05
0.45232 0.0391664 0.05
0.45232 0.0361536 0.05
0.45232 0.0331408 0.05
0.45232 0.030128 0.05
0.45232 0.0271152 0.05
0.45232 0.0241024 0.05
0.45232 0.0210896 0.05
0.45232 0.0180768 0.05
0.45232 0.015064 0.05
0.45232 0.0120512 0.05
0.45232 0.0090384 0.05
0.45232 0.0060256 0.05
0.45232 0.0030128 0.05
0.04172 0.0031312 0.05
0.04172 0.0062624 0.05
0.04172 0.0093936 0.05
0.04172 0.0125248 0.05
0.04172 0.015656 0.05
0.04172 0.0187872 0.05
0.04172 0.0219184 0.05
0.04172 0.0250496 0.05
0.04172 0.0281808 0.05
0.04172 0.031312 0.05
0.04172 0.0344432 0.05
0.04172 0.0375744 0.05
0.04172 0.0407056 0.05
0.04172 0.0438368 0.05
0.04172 0.046968 0.05
0.04172 0.0500992 0.05
0.04172 0.0532304 0.05
0.04172 0.0563616 0.05
0.04172 0.0594928 0.05
0.04172 0.062624 0.05
0.04172 0.0657552 0.05
0.04172 0.0688864 0.05
0.04172 0.0720176 0.05
0.04172 0.0751488 0.05
0.04172 0.07856 0.05
0.05864 0.07856 0.05
0.07528 0.07856 0.05
0.09192 0.07856 0.05
0.10856 0.07856 0.05
0.1252 0.07856 0.05
0.14184 0.07856 0.05
0.15848 0.07856 0.05
0.17512 0.07856 0.05
0.19176 0.07856 0.05
0.2084 0.07856 0.05
0.22504 0.07856 0.05
0.24168 0.07856 0.05
0.25832 0.07856 0.05
0.27496 0.07856 0.05
0.2916 0.07856 0.05
0.30824 0.07856 0.05
0.32488 0.07856 0.05
0.34152 0.07856 0.05
0.35816 0.07856 0.05
0.3748 0.07856 0.05
0.39144 0.07856 0.05
0.40808 0.07856 0.05
0.42472 0.07856 0.05
0.44136 0.07856 0.05
0.45828 0.07856 0.05
0.45828 0.0751488 0.05
0.45828 0.0720176 0.05
0.45828 0.0688864 0.05
0.45828 0.0657552 0.05
0.45828 0.062624 0.05
0.45828 0.0594928 0.05
0.45828 0.0563616 0.05
0.45828 0.0532304 0.05
0.45828 0.0500992 0.05
0.45828 0.046968 0.05
0.45828 0.0438368 0.05
0.45828 0.0407056 0.05
0.45828 0.0375744 0.05
0.45828 0.0344432 0.05
0.45828 0.031312 0.05
0.45828 0.0281808 0.05
0.45828 0.0250496 0.05
0.45828 0.0219184 0.05
0.45828 0.0187872 0.05
0.45828 0.015656 0.05
0.45828 0.0125248 0.05
0.45828 0.0093936 0.05
0.45828 0.0062624 0.05
0.45828 0.0031312 0.05
0.03576 0.0032496 0.05
0.03576 0.0064992 0.05
0.03576 0.0097488 0.05
0.03576 0.0129984 0.05
0.03576 0.016248 0.05
0.03576 0.0194976 0.05
0.03576 0.0227472 0.05
0.03576 0.0259968 0.05
0.03576 0.0292464 0.05
0.03576 0.032496 0.05
0.03576 0.0357456 0.05
0.03576 0.0389952 0.05
0.03576 0.0422448 0.05
0.03576 0.0454944 0.05
0.03576 0.048744 0.05
0.03576 0.0519936 0.05
0.03576 0.0552432 0.05
0.03576 0.0584928 0.05
0.03576 0.0617424 0.05
0.03576 0.064992 0.05
0.03576 0.0682416 0.05
0.03576 0.0714912 0.05
0.03576 0.0747408 0.05
0.03576 0.0779904 0.05
0.03576 0.08148 0.05
0.05312 0.08148 0.05
0.07024 0.08148 0.05
0.08736 0.08148 0.05
0.10448 0.08148 0.05
0.1216 0.08148 0.05
0.13872 0.08148 0.05
0.15584 0.08148 0.05
0.17296 0.08148 0.05
0.19008 0.08148 0.05
0.2072 0.08148 0.05
0.22432 0.08148 0.05
0.24144 0.08148 0.05
0.25856 0.08148 0.05
0.27568 0.08148 0.05
0.2928 0.08148 0.05
0.30992 0.08148 0.05
0.32704 0.08148 0.05
0.34416 0.08148 0.05
0.36128 0.08148 0.05
0.3784 0.08148 0.05
0.39552 0.08148 0.05
0.41264 0.08148 0.05
0.42976 0.08148 0.05
0.44688 0.08148 0.05
0.46424 0.08148 0.05
0.46424 0.0779904 0.05
0.46424 0.0747408 0.05
0.46424 0.0714912 0.05
0.46424 0.0682416 0.05
0.46424 0.064992 0.05
0.46424 0.0617424 0.05
0.46424 0.0584928 0.05
0.46424 0.0552432 0.05
0.46424 0.0519936 0.05
0.46424 0.048744 0.05
0.46424 0.0454944 0.05
0.46424 0.0422448 0.05
0.46424 0.0389952 0.05
0.46424 0.0357456 0.05
0.46424 0.032496 0.05
0.46424 0.0292464 0.05
0.46424 0.0259968 0.05
0.46424 0.0227472 0.05
0.46424 0.0194976 0.05
0.46424 0.016248 0.05
0.46424 0.0129984 0.05
0.46424 0.0097488 0.05
0.46424 0.0064992 0.05
0.46424 0.0032496 0.05
0.0298 0.003368 0.05
0.0298 0.006736 0.05
0.0298 0.010104 0.05
0.0298 0.013472 0.05
0.0298 0.01684 0.05
0.0298 0.020208 0.05
0.0298 0.023576 0.05
0.0298 0.026944 0.05
0.0298 0.030312 0.05
0.0298 0.03368 0.05
0.0298 0.037048 0.05
0.0298 0.040416 0.05
0.0298 0.043784 0.05
0.0298 0.047152 0.05
0.0298 0.05052 0.05
0.0298 0.053888 0.05
0.0298 0.057256 0.05
0.0298 0.060624 0.05
0.0298 0.063992 0.05
0.0298 0.06736 0.05
0.0298 0.070728 0.05
0.0298 0.074096 0.05
0.0298 0.077464 0.05
0.0298 0.080832 0.05
0.0298 0.0844 0.05
0.0476 0.0844 0.05
0.0652 0.0844 0.05
0.0828 0.0844 0.05
0.1004 0.0844 0.05
0.118 0.0844 0.05
0.1356 0.0844 0.05
0.1532 0.0844 0.05
0.1708 0.0844 0.05
0.1884 0.0844 0.05
0.206 0.0844 0.05
0.2236 0.0844 0.05
0.2412 0.0844 0.05
0.2588 0.0844 0.05
0.2764 0.0844 0.05
0.294 0.0844 0.05
0.3116 0.0844 0.05
0.3292 0.0844 0.05
0.3468 0.0844 0.05
0.3644 0.0844 0.05
0.382 0.0844 0.05
0.3996 0.0844 0.05
0.4172 0.0844 0.05
0.4348 0.0844 0.05
0.4524 0.0844 0.05
0.4702 0.0844 0.05
0.4702 0.080832 0.05
0.4702 0.077464 0.05
0.4702 0.074096 0.05
0.4702 0.070728 0.05
0.4702 0.06736 0.05
0.4702 0.063992 0.05
0.4702 0.060624 0.05
0.4702 0.057256 0.05
0.4702 0.053888 0.05
0.4702 0.05052 0.05
0.4702 0.047152 0.05
0.4702 0.043784 0.05
0.4702 0.040416 0.05
0.4702 0.037048 0.05
0.4702 0.03368 0.05
0.4702 0.030312 0.05
0.4702 0.026944 0.05
0.4702 0.023576 0.05
0.4702 0.020208 0.05
0.4702 0.01684 0.05
0.4702 0.013472 0.05
0.4702 0.010104 0.05
0.4702 0.006736 0.05
0.4702 0.003368 0.05
0.02384 0.0034864 0.05
0.02384 0.0069728 0.05
0.02384 0.0104592 0.05
0.02384 0.0139456 0.05
0.02384 0.017432 0.05
0.02384 0.0209184 0.05
0.02384 0.0244048 0.05
0.02384 0.0278912 0.05
0.02384 0.0313776 0.05
0.02384 0.034864 0.05
0.02384 0.0383504 0.05
0.02384 0.0418368 0.05
0.02384 0.0453232 0.05
0.02384 0.0488096 0.05
0.02384 0.052296 0.05
0.02384 0.0557824 0.05
0.02384 0.0592688 0.05
0.02384 0.0627552 0.05
0.02384 0.0662416 0.05
0.02384 0.069728 0.05
0.02384 0.0732144 0.05
0.02384 0.0767008 0.05
0.02384 0.0801872 0.05
0.02384 0.0836736 0.05
0.02384 0.08732 0.05
0.04208 0.08732 0.05
0.06016 0.08732 0.05
0.07824 0.08732 0.05
0.09632 0.08732 0.05
0.1144 0.08732 0.05
0.13248 0.08732 0.05
0.15056 0.08732 0.05
0.16864 0.08732 0.05
0.18672 0.08732 0.05
0.2048 0.08732 0.05
0.22288 0.08732 0.05
0.24096 0.08732 0.05
0.25904 0.08732 0.05
0.27712 0.08732 0.05
0.2952 0.08732 0.05
0.31328 0.08732 0.05
0.33136 0.08732 0.05
0.34944 0.08732 0.05
0.36752 0.08732 0.05
0.3856 0.08732 0.05
0.40368 0.08732 0.05
0.42176 0.08732 0.05
0.43984 0.08732 0.05
0.45792 0.08732 0.05
0.47616 0.08732 0.05
0.47616 0.0836736 0.05
0.47616 0.0801872 0.05
0.47616 0.0767008 0.05
0.47616 0.0732144 0.05
0.47616 0.069728 0.05
0.47616 0.0662416 0.05
0.47616 0.0627552 0.05
0.47616 0.0592688 0.05
0.47616 0.0557824 0.05
0.47616 0.052296 0.05
0.47616 0.0488096 0.05
0.47616 0.0453232 0.05
0.47616 0.0418368 0.05
0.47616 0.0383504 0.05
0.47616 0.034864 0.05
0.47616 0.0313776 0.05
0.47616 0.0278912 0.05
0.47616 0.0244048 0.05
0.47616 0.0209184 0.05
0.47616 0.017432 0.05
0.47616 0.0139456 0.05
0.47616 0.0104592 0.05
0.47616 0.0069728 0.05
0.47616 0.0034864 0.05
0.01788 0.0036048 0.05
0.01788 0.0072096 0.05
0.01788 0.0108144 0.05
0.01788 0.0144192 0.05
0.01788 0.018024 0.05
0.01788 0.0216288 0.05
0.01788 0.0252336 0.05
0.01788 0.0288384 0.05
0.01788 0.0324432 0.05
0.01788 0.036048 0.05
0.01788 0.0396528 0.05
0.01788 0.0432576 0.05
0.01788 0.0468624 0.05
0.01788 0.0504672 0.05
0.01788 0.054072 0.05
0.01788 0.0576768 0.05
0.01788 0.0612816 0.05
0.01788 0.0648864 0.05
0.01788 0.0684912 0.05
0.01788 0.072096 0.05
0.01788 0.0757008 0.05
0.01788 0.0793056 0.05
0.01788 0.0829104 0.05
0.01788 0.0865152 0.05
0.01788 0.09024 0.05
0.03656 0.09024 0.05
0.05512 0.09024 0.05
0.07368 0.09024 0.05
0.09224 0.09024 0.05
0.1108 0.09024 0.05
0.12936 0.09024 0.05
0.14792 0.09024 0.05
0.16648 0.09024 0.05
0.18504 0.09024 0.05
0.2036 0.09024 0.05
0.22216 0.09024 0.05
0.24072 0.09024 0.05
0.25928 0.09024 0.05
0.27784 0.09024 0.05
0.2964 0.09024 0.05
0.31496 0.09024 0.05
0.33352 0.09024 0.05
0.35208 0.09024 0.05
0.37064 0.09024 0.05
0.3892 0.09024 0.05
0.40776 0.09024 0.05
0.42632 0.09024 0.05
0.44488 0.09024 0.05
0.46344 0.09024 0.05
0.48212 0.09024 0.05
0.48212 0.0865152 0.05
0.48212 0.0829104 0.05
0.48212 0.0793056 0.05
0.48212 0.0757008 0.05
0.48212 0.072096 0.05
0.48212 0.0684912 0.05
0.48212 0.0648864 0.05
0.48212 0.0612816 0.05
0.48212 0.0576768 0.05
0.48212 0.054072 0.05
0.48212 0.0504672 0.05
0.48212 0.0468624 0.05
0.48212 0.0432576 0.05
0.48212 0.0396528 0.05
0.48212 0.036048 0.05
0.48212 0.0324432 0.05
0.48212 0.0288384 0.05
0.48212 0.0252336 0.05
0.48212 0.0216288 0.05
0.48212 0.018024 0.05
0.48212 0.0144192 0.05
0.48212 0.0108144 0.05
0.48212 0.0072096 0.05
0.48212 0.0036048 0.05
0.01192 0.0037232 0.05
0.01192 0.0074464 0.05
0.01192 0.0111696 0.05
0.01192 0.0148928 0.05
0.01192 0.018616 0.05
0.01192 0.0223392 0.05
0.01192 0.0260624 0.05
0.01192 0.0297856 0.05
0.01192 0.0335088 0.05
0.01192 0.037232 0.05
0.01192 0.0409552 0.05
0.01192 0.0446784 0.05
0.01192 0.0484016 0.05
0.01192 0.0521248 0.05
0.01192 0.055848 0.05
0.01192 0.0595712 0.05
0.01192 0.0632944 0.05
0.01192 0.0670176 0.05
0.01192 0.0707408 0.05
0.01192 0.074464 0.05
0.01192 0.0781872 0.05
0.01192 0.0819104 0.05
0.01192 0.0856336 0.05
0.01192 0.0893568 0.05
0.01192 0.09316 0.05
0.03104 0.09316 0.05
0.05008 0.09316 0.05
0.06912 0.09316 0.05
0.08816 0.09316 0.05
0.1072 0.09316 0.05
0.12624 0.09316 0.05
0.14528 0.09316 0.05
0.16432 0.09316 0.05
0.18336 0.09316 0.05
0.2024 0.09316 0.05
0.22144 0.09316 0.05
0.24048 0.09316 0.05
0.25952 0.09316 0.05
0.27856 0.09316 0.05
0.2976 0.09316 0.05
0.31664 0.09316 0.05
0.33568 0.09316 0.05
0.35472 0.09316 0.05
0.37376 0.09316 0.05
0.3928 0.09316 0.05
0.41184 0.09316 0.05
0.43088 0.09316 0.05
0.44992 0.09316 0.05
0.46896 0.09316 0.05
0.48808 0.09316 0.05
0.48808 0.0893568 0.05
0.48808 0.0856336 0.05
0.48808 0.0819104 0.05
0.48808 0.0781872 0.05
0.48808 0.074464 0.05
0.48808 0.0707408 0.05
0.48808 0.0670176 0.05
0.48808 0.0632944 0.05
0.48808 0.0595712 0.05
0.48808 0.055848 0.05
0.48808 0.0521248 0.05
0.48808 0.0484016 0.05
0.48808 0.0446784 0.05
0.48808 0.0409552 0.05
0.48808 0.037232 0.05
0.48808 0.0335088 0.05
0.48808 0.0297856 0.05
0.48808 0.0260624 0.05
0.48808 0.0223392 0.05
0.48808 0.018616 0.05
0.48808 0.0148928 0.05
0.48808 0.0111696 0.05
0.48808 0.0074464 0.05
0.48808 0.0037232 0.05
0.00596 0.0038416 0.05
0.00596 0.0076832 0.05
0.00596 0.0115248 0.05
0.00596 0.0153664 0.05
0.00596 0.019208 0.05
0.00596 0.0230496 0.05
0.00596 0.0268912 0.05
0.00596 0.0307328 0.05
0.00596 0.0345744 0.05
0.00596 0.038416 0.05
0.00596 0.0422576 0.05
0.00596 0.0460992 0.05
0.00596 0.0499408 0.05
0.00596 0.0537824 0.05
0.00596 0.057624 0.05
0.00596 0.0614656 0.05
0.00596 0.0653072 0.05
0.00596 0.0691488 0.05
0.00596 0.0729904 0.05
0.00596 0.076832 0.05
0.00596 0.0806736 0.05
0.00596 0.0845152 0.05
0.00596 0.0883568 0.05
0.00596 0.0921984 0.05
0.00596 0.09608 0.05
0.02552 0.09608 0.05
0.04504 0.09608 0.05
0.06456 0.09608 0.05
0.08408 0.09608 0.05
0.1036 0.09608 0.05
0.12312 0.09608 0.05
0.14264 0.09608 0.05
0.16216 0.09608 0.05
0.18168 0.09608 0.05
0.2012 0.09608 0.05
0.22072 0.09608 0.05
0.24024 0.09608 0.05
0.25976 0.09608 0.05
0.27928 0.09608 0.05
0.2988 0.09608 0.05
0.31832 0.09608 0.05
0.33784 0.09608 0.05
0.35736 0.09608 0.05
0.37688 0.09608 0.05
0.3964 0.09608 0.05
0.41592 0.09608 0.05
0.43544 0.09608 0.05
0.45496 0.09608 0.05
0.47448 0.09608 0.05
0.49404 0.09608 0.05
0.49404 0.0921984 0.05
0.49404 0.0883568 0.05
0.49404 0.0845152 0.05
0.49404 0.0806736 0.05
0.49404 0.076832 0.05
0.49404 0.0729904 0.05
0.49404 0.0691488 0.05
0.49404 0.0653072 0.05
0.49404 0.0614656 0.05
0.49404 0.057624 0.05
0.49404 0.0537824 0.05
0.49404 0.0499408 0.05
0.49404 0.0460992 0.05
0.49404 0.0422576 0.05
0.49404 0.038416 0.05
0.49404 0.0345744 0.05
0.49404 0.0307328 0.05
0.49404 0.0268912 0.05
0.49404 0.0230496 0.05
0.49404 0.019208 0.05
0.49404 0.0153664 0.05
0.49404 0.0115248 0.05
0.49404 0.0076832 0.05
0.49404 0.0038416 0.05