215
713
715
923
714
716
717
924
718
925
719
926
415
927
416
721
419
720
420
723
722
724
725
1077
726
928
727
929
728
930
729
931
730
932
731
933
732
934
733
935
734
936
735
937
435
938
436
737
736
738
739
1078
740
939
741
940
742
941
743
942
445
943
446
745
744
746
747
1079
748
944
749
945
750
946
751
947
752
948
753
949
754
950
755
951
756
952
757
953
758
954
759
955
760
956
761
957
762
958
763
959
764
960
765
961
766
962
470
963
471
768
767
769
770
1080
771
964
772
965
773
966
774
967
775
968
481
969
482
777
776
778
779
1081
780
970
781
971
782
972
783
973
784
974
785
975
786
976
787
977
788
978
789
979
790
980
791
981
792
982
793
983
501
984
502
504
505
795
794
796
797
1083
798
1082
511
985
512
514
515
800
799
801
802
1085
803
1084
804
986
805
987
806
988
807
989
808
990
809
991
810
992
811
993
812
994
813
995
814
996
815
997
816
998
817
999
535
1000
536
819
818
820
821
1086
822
1001
823
1002
824
1003
825
1004
826
1005
827
1006
828
1007
829
1008
549
1009
550
831
830
832
833
1087
834
1010
835
1011
557
1012
558
837
836
838
839
1088
840
1013
841
1014
842
1015
843
1016
844
1017
845
1018
846
1019
569
847
848
1089
573
1020
574
850
577
849
578
852
851
853
854
1090
855
1021
856
1022
857
1023
858
1024
859
1025
860
1026
861
1027
862
1028
863
1029
864
1030
865
1031
866
1032
867
1033
868
1034
869
1035
870
1036
871
1037
872
1038
873
1039
874
1040
875
1041
876
1042
605
1043
606
878
877
879
880
1091
881
1044
882
1045
883
1046
614
1047
615
617
618
885
884
886
887
1093
623
1092
624
889
888
890
891
1094
892
1048
893
1049
894
1050
895
1051
896
1052
897
1053
898
1054
899
1055
900
1056
901
1057
902
1058
903
1059
904
1060
905
1061
906
1062
907
1063
908
1064
646
1065
647
910
909
911
912
1095
913
1066
914
1067
915
1068
916
1069
917
1070
918
1071
919
1072
920
1073
921
1074
922
1075
214
1076
214
215
2510
1927
218
406
218
661
1867
221
661
221
662
1472
224
662
224
226
1475
226
664
1414
229
664
229
665
1478
232
665
232
666
1480
235
666
235
237
1483
237
663
1870
240
663
240
668
1485
243
668
243
669
1488
246
669
246
670
1491
249
670
249
671
1494
252
671
252
672
1497
255
672
255
257
1500
257
667
1872
260
667
260
262
1502
262
673
1876
265
673
265
267
1504
267
674
1878
270
674
270
676
1506
273
676
273
677
1509
276
677
276
678
1511
279
678
279
679
1513
282
679
282
680
1516
285
680
285
681
1519
288
681
288
682
1522
291
682
291
683
1525
294
683
294
684
1528
297
684
297
685
1531
300
685
300
686
1534
303
686
303
305
1537
305
675
1880
308
675
308
688
1539
311
688
311
313
1542
313
687
1881
316
687
316
690
1544
319
690
319
691
1547
322
691
322
692
1550
325
692
325
327
1552
327
689
1883
330
689
330
694
1554
333
694
333
695
1557
336
695
336
696
1560
339
696
339
341
1563
341
693
1448
344
693
344
698
1566
347
698
347
699
1569
350
699
350
700
1572
353
700
353
701
1574
356
701
356
358
1577
358
697
1454
361
697
361
363
1580
363
702
1888
366
702
366
704
1581
369
704
369
705
1584
372
705
372
706
1587
375
706
375
377
1590
377
703
1890
380
703
380
708
1592
383
708
383
709
1595
386
709
386
710
1598
389
710
389
391
1601
391
707
1892
394
707
394
396
1603
396
711
1893
399
711
399
401
1604
401
712
1895
404
712
404
407
1605
406
407
1894
1897
713
923
714
715
716
924
717
925
718
926
719
927
415
416
1951
1952
720
721
419
420
1615
1613
722
723
724
1077
725
928
726
929
727
930
728
931
729
932
730
933
731
934
732
935
733
936
734
937
735
938
435
436
2193
1962
736
737
738
1078
739
939
740
940
741
941
742
942
743
943
445
446
2200
1967
744
745
746
1079
747
944
748
945
749
946
750
947
751
948
752
949
753
950
754
951
755
952
756
953
757
954
758
955
759
956
760
957
761
958
762
959
763
960
764
961
765
962
766
963
470
471
1944
1982
767
768
769
1080
770
964
771
965
772
966
773
967
774
968
775
969
481
482
2261
1988
776
777
778
1081
779
970
780
971
781
972
782
973
783
974
784
975
785
976
786
977
787
978
788
979
789
980
790
981
791
982
792
983
793
984
501
502
2292
2005
504
505
1699
1901
794
795
796
1083
797
1082
798
985
511
512
2303
2008
514
515
1705
1904
799
800
801
1085
802
1084
803
986
804
987
805
988
806
989
807
990
808
991
809
992
810
993
811
994
812
995
813
996
814
997
815
998
816
999
817
1000
535
536
2340
2018
818
819
820
1086
821
1001
822
1002
823
1003
824
1004
825
1005
826
1006
827
1007
828
1008
829
1009
549
550
2021
2028
830
831
832
1087
833
1010
834
1011
835
1012
557
558
1741
2032
836
837
838
1088
839
1013
840
1014
841
1015
842
1016
843
1017
844
1018
845
1019
569
846
1607
847
1089
848
1020
573
574
2012
2044
849
850
577
578
1768
1766
851
852
853
1090
854
1021
855
1022
856
1023
857
1024
858
1025
859
1026
860
1027
861
1028
862
1029
863
1030
864
1031
865
1032
866
1033
867
1034
868
1035
869
1036
870
1037
871
1038
872
1039
873
1040
874
1041
875
1042
876
1043
605
606
1908
2063
877
878
879
1091
880
1044
881
1045
882
1046
883
1047
614
615
1980
2070
617
618
1809
1916
884
885
886
1093
887
1092
623
624
1803
2073
888
889
890
1094
891
1048
892
1049
893
1050
894
1051
895
1052
896
1053
897
1054
898
1055
899
1056
900
1057
901
1058
902
1059
903
1060
904
1061
905
1062
906
1063
907
1064
908
1065
646
647
2480
2093
909
910
911
1095
912
1066
913
1067
914
1068
915
1069
916
1070
917
1071
918
1072
919
1073
920
1074
921
1075
922
1076
1411
1412
1413
1417
1468
1415
1416
1424
1419
1420
1421
1422
1423
1425
1426
1438
1427
1428
1429
1430
1431
1432
1433
1434
1435
1436
1437
1440
1439
1444
1441
1442
1443
1449
1445
1446
1447
1455
1450
1451
1452
1453
1456
1460
1457
1458
1459
1464
1461
1462
1463
1465
1466
1469
1099
1097
1609
1101
1102
1103
1106
1105
1108
1618
1110
1621
1622
1625
1116
1117
1118
1119
1120
1632
1620
1124
1129
1126
1130
1637
1640
1641
1644
1138
1143
1140
1144
1647
1149
1150
1151
1152
1153
1154
1155
1156
1157
1158
1159
1160
1161
1162
1163
1164
1165
1166
1167
1172
1169
1174
1674
1675
1676
1181
1184
1185
1190
1187
1191
1681
1683
1684
1685
1686
1687
1688
1689
1691
1692
1693
1694
1695
1698
1209
1211
1701
1213
1216
1221
1223
1706
1225
1228
1704
1710
1712
1713
1714
1715
1716
1719
1720
1721
1724
1725
1726
1727
1247
1252
1249
1254
1730
1731
1732
1733
1734
1735
1736
1739
1266
1271
1268
1273
1744
1743
1279
1284
1281
1286
1750
1749
1753
1754
1757
1758
1760
1297
1299
1302
1305
1304
1310
1307
1311
1315
1318
1319
1320
1321
1322
1323
1324
1325
1326
1327
1328
1329
1330
1331
1332
1333
1334
1335
1336
1337
1338
1339
1344
1341
1346
1804
1805
1807
1352
1354
1811
1356
1359
1364
1362
1366
1819
1818
1823
1824
1827
1830
1833
1834
1838
1839
1842
1843
1844
1845
1846
1847
1386
1387
1392
1389
1394
1852
1815
1851
1856
1857
1859
1860
1861
1862
1865
1407
1096
1100
1611
1612
1104
1113
1114
1115
1627
1628
1629
1630
1121
1122
1123
1125
1134
1135
1136
1137
1139
1148
1649
1650
1651
1652
1655
1657
1658
1659
1660
1661
1663
1664
1665
1668
1669
1670
1671
1672
1168
1178
1179
1180
1183
1678
1186
1195
1196
1197
1198
1199
1200
1201
1202
1203
1204
1205
1206
1207
1208
1210
1222
1233
1234
1235
1236
1237
1238
1239
1240
1241
1242
1243
1244
1245
1246
1248
1258
1259
1260
1261
1262
1263
1264
1265
1267
1277
1278
1280
1290
1291
1292
1293
1294
1295
1296
1303
1317
1776
1775
1780
1781
1782
1783
1784
1786
1787
1788
1789
1790
1791
1793
1794
1795
1796
1797
1798
1799
1800
1340
1349
1350
1351
1353
1370
1371
1372
1373
1374
1375
1376
1377
1378
1379
1380
1381
1382
1383
1384
1385
1849
1388
1397
1398
1399
1400
1401
1402
1403
1404
1405
1406
1409
1112
1133
1147
1177
1194
1219
1215
1231
1227
1257
1276
1289
1301
1314
1348
1360
1358
1369
1098
1763
1098
1471
2455
1408
1470
1610
2042
1610
1810
1801
2099
1107
1616
1111
1634
1109
1747
1107
1954
2356
1109
1614
2174
1111
1410
2178
1128
1131
1623
2100
1624
1707
1626
1729
1626
1702
1700
2102
1679
2101
1673
1949
1631
1948
1631
1636
1619
2103
1633
2620
1127
1635
1132
1638
1127
1128
2776
3150
1635
1963
1131
1132
2658
2655
1142
1145
1639
2106
1642
2098
1643
2096
2097
2616
1141
1645
1146
1648
1141
1142
2799
3147
1645
1968
1145
1146
2672
2667
1171
1175
1646
2109
1646
2095
2092
2110
2091
2108
1653
2107
1654
2089
2088
2090
1656
2087
2086
2111
2085
2105
2084
2104
1947
2083
1662
2082
1666
2112
1667
2080
2079
2081
2078
2113
1946
2077
1945
2076
1170
1173
1176
2069
1170
1171
3131
3137
1173
1984
2610
1175
1176
2689
2695
1189
1192
2114
2115
1942
2116
1182
1941
1182
1183
2252
2066
2067
2068
1188
1677
1193
2062
1188
1189
2738
3132
1677
1989
1192
1193
2703
2701
1214
1217
1680
1940
1682
2061
2060
2117
2059
2119
2058
2118
1939
2057
1938
2056
1937
2055
1690
2054
2053
2120
1936
2052
1696
1935
1697
2050
2051
2609
1212
2049
1218
2608
1212
1903
2606
1214
1220
2640
1226
1229
1217
1218
3271
3128
1220
2121
2180
1224
2123
1230
1703
1224
1906
2604
1226
1232
2728
1251
1255
1229
1230
3169
3126
1232
1934
2299
1709
2122
1711
2125
2048
2127
2047
2126
2043
2124
1717
1933
1718
2040
2039
2041
1722
2128
1723
2037
2036
2038
2035
2129
1932
2031
1728
2603
1250
1253
1256
2027
1250
1251
3115
3116
1253
2019
2602
1255
1256
2739
2740
1270
1274
2131
2132
2130
2133
1931
2026
1930
2025
1929
2024
1737
1900
1738
2022
2020
2023
1269
1272
1275
1746
1269
1270
2874
3111
1272
2030
2601
1274
1275
2752
2756
1283
1287
1742
2134
1740
1745
1282
1285
1288
1752
1282
1283
3105
3106
1285
2034
2597
1287
1288
2760
2765
1298
1708
1748
2136
1751
2017
1755
2137
1756
2015
2014
2016
1759
1761
1300
2011
1298
1608
2596
1300
1708
2782
1309
1312
1306
1769
1313
1316
1308
1765
1306
2046
2593
1308
1309
2815
2786
1765
1767
1312
1313
2791
2787
1343
1764
1316
1317
2382
1772
1773
1778
1774
2141
1777
2007
1779
2004
2003
2143
2002
2142
2001
2010
2000
2140
1785
1999
1998
2144
1997
2139
1996
2013
1995
2138
1792
1994
1993
2145
1992
2135
1913
1991
1912
1990
1911
1987
1910
1986
1909
1985
1342
1345
1347
1816
1342
1343
3095
3092
1345
2065
2592
1347
1764
2438
1357
1802
2146
2147
1806
1981
1979
2148
1355
1812
1368
1821
1355
1918
2586
1357
1361
2449
1363
1367
1365
1808
1361
1813
2584
1363
1808
2810
1365
2075
2453
1367
1368
3177
2839
1391
1395
1817
2150
1820
1978
1822
1825
1826
1828
1829
1831
1832
1976
1835
1977
1836
1975
1837
1840
1841
1973
1972
1974
1971
2155
1970
2154
1969
2153
1966
2152
1848
2151
1848
1965
1390
1393
1396
1855
1390
1391
3068
3071
1393
2094
2582
1395
1396
2861
2862
1814
2156
1850
1853
1854
1964
1961
2158
1960
2157
1858
1959
1958
2159
1863
2149
1864
1956
1957
2581
1408
1467
3066
1410
1771
2507
1474
1866
1473
1477
1487
1955
1418
1476
1481
1484
1503
1873
1418
1479
2576
1489
1493
1492
1496
1495
1499
1498
1501
1505
1925
1486
1490
1508
1926
1541
1924
1512
1875
1515
1879
1514
1518
1517
1521
1520
1524
1523
1527
1526
1530
1529
1533
1532
1536
1535
1538
1546
1923
1507
1510
1556
1922
1540
1543
1548
1551
1553
1882
1568
1885
1545
1549
1558
1562
1561
1565
1884
1886
1564
1885
1555
1559
1570
1573
1576
1887
1575
1579
1583
1921
1578
1886
1567
1571
1594
1920
1585
1589
1588
1591
1889
1919
1582
1586
1596
1600
1599
1602
1891
1915
1593
1597
1606
1914
1467
1928
2538
1482
1868
1470
1471
2928
2939
1473
1474
2633
2634
1476
1477
3044
3063
1479
1868
2578
1481
1482
2880
3013
1484
2161
2577
1486
1487
2877
3016
1489
1490
2875
3002
1492
1493
2886
2881
1495
1496
2876
3010
1498
1499
3006
3007
1501
1874
2550
1503
1871
2924
1505
1869
2551
1507
1508
2885
3023
1510
1875
2979
1512
1879
2554
1514
1515
2888
3026
1517
1518
2889
2997
1520
1521
2890
2994
1523
1524
2891
2991
1526
1527
2892
2988
1529
1530
2893
2985
1532
1533
2894
2982
1535
1536
3186
2980
1538
2162
2871
1540
1541
3395
3032
1543
1877
2978
1545
1546
2898
3033
1548
1549
3190
2974
1551
1882
2879
1553
2163
2563
1555
1556
2900
3037
1558
1559
2897
2962
1561
1562
2905
2971
1564
1565
2903
2969
1567
1568
2904
2965
1570
1571
2901
2956
1573
1887
2542
1575
1576
2906
3045
1578
1579
2907
2958
1884
2165
1582
1583
3050
3048
1585
1586
2908
3298
1588
1589
2919
2953
1591
2166
2950
1593
1594
2916
3057
1596
1597
2912
2942
1599
1600
3161
2948
1602
2167
2914
1889
2164
1891
1896
1606
1899
2569
1608
1762
2575
1763
2042
2169
1810
2099
1801
1950
1614
1617
3055
1616
1617
2755
3195
1747
1771
1620
2177
1633
1634
2100
1623
1624
2911
3052
1707
1729
2183
1702
2102
1700
2101
1679
1949
1673
1948
2190
1636
2103
2650
2175
2375
2617
1638
1639
2669
2656
2098
2106
1642
1643
2663
2660
2096
2097
2198
2614
1648
2109
2202
2095
2110
2092
2108
2091
2107
1653
1654
2828
3213
2089
2090
1657
2206
2088
2087
2111
2086
2105
2085
2104
1947
2084
1663
2566
2083
2082
2112
1666
1667
2769
3040
2080
2081
2079
2113
1946
2078
1945
2077
1943
2076
2241
2069
2114
1942
2115
1941
2116
2251
2068
2254
2258
1683
2188
1940
2062
1683
2560
2061
2117
2060
2119
2059
2118
1939
2058
1938
2057
1937
2056
1691
2557
2055
2054
2120
1936
2053
1935
2052
1696
1697
2715
3029
2050
2051
1902
2006
2293
2049
2121
2296
1704
2305
2122
1905
2009
1934
2123
2307
2182
1710
2360
1711
2310
2125
2127
2048
2126
2047
2124
1933
2043
1717
1718
2732
2637
2040
2041
2039
2128
1722
1723
2712
3020
2037
2038
2036
2129
1932
2035
1728
2031
3019
2337
2027
2131
2130
2132
1931
2133
1930
2026
1929
2025
1900
2024
1737
1738
3248
2937
2022
2023
1741
2675
2033
1743
2363
1745
1746
2134
2358
2354
2598
1749
2171
1751
1752
2136
2770
2366
2017
2137
1755
1756
2762
2771
2015
2016
1759
2014
2370
1761
1762
2654
2777
2528
2482
2431
1767
1770
2784
1769
1770
3089
3315
2594
1773
2383
2789
1775
2730
1777
1778
2141
2386
2381
1780
2797
2007
2004
2143
2003
2142
2002
2010
2001
2140
1786
2374
2000
1999
2144
1998
2139
1997
2013
1996
2138
1792
1995
2359
1994
2145
1993
2135
1913
1992
1912
1991
1911
1990
1910
1987
1909
1986
1907
1985
2432
1803
2918
2074
1816
2146
1806
2147
2537
1981
2148
2441
1917
2072
2446
1812
1813
2836
2832
1815
2451
1853
2488
1818
2590
1820
1821
2150
2457
2452
1823
2458
1978
1825
1826
3085
2844
1828
1829
3364
3081
1831
1832
2845
3078
1976
1977
1835
1836
2850
2846
1838
2849
1975
1840
1841
3366
2852
1973
1974
1972
2155
1971
2154
1970
2153
1969
2152
1966
2151
2476
1965
2477
1851
2478
1854
1855
2156
2484
2587
2450
1964
2158
1961
2157
1859
2487
1960
1959
2159
1958
2149
1863
1864
2830
2935
1956
1957
1867
2504
2160
2511
1878
2509
1955
2161
1876
2536
1873
1874
2884
2932
2515
1925
1881
2516
1926
2535
1924
2162
1923
2514
1922
2163
2521
2539
2976
2543
1921
2165
2523
1920
2166
2526
1919
2167
1915
2164
1898
2160
1896
1914
2805
1898
1899
2869
2925
2683
1902
1903
2750
2929
1905
1906
2719
2717
1908
2796
2064
2434
2823
2428
2426
2425
2424
2532
1917
1918
2921
2945
2444
2571
2573
2540
2545
2518
2546
2548
1928
2611
3000
2530
2349
2348
2744
2736
2319
2302
2287
2283
2277
2275
2272
2263
2248
1944
2826
1983
2244
2239
2235
2222
2189
1951
2648
1953
1953
1954
3193
3060
2173
2512
2500
2501
2497
2492
2494
1963
2439
3069
2172
2481
2583
1968
2384
3075
2192
2855
2857
2856
2467
2465
2466
2463
2459
2460
1980
2843
2071
2445
1983
1984
3350
3090
2199
2430
2429
1989
2622
3096
2243
2817
2818
2421
2415
2413
2410
2406
2806
2398
2395
2722
2391
2390
2389
2006
2304
3098
2289
2009
2624
3101
2309
2012
3175
2045
2377
2403
2373
2369
2371
2019
2626
3108
2021
2699
2029
2352
2350
2351
2694
2748
2346
2029
2030
3200
3119
2339
2033
2034
3288
3122
2735
2334
2331
2327
2328
2324
2321
2322
2168
2045
2046
3279
3124
2378
2315
2312
2186
2716
2288
2285
2281
2278
2709
2276
2706
2269
2692
2265
2262
2064
2065
3249
3134
2067
2253
2723
2255
2256
2071
2072
3207
3140
2074
2075
3436
3083
2433
2240
2237
2232
2229
2226
2227
2224
2680
2219
2679
2213
2209
2678
2205
2207
2676
2094
2628
3145
2442
2612
2196
2197
2195
2170
2181
2187
2184
2191
2218
2216
2194
2204
2662
2201
2203
2212
2225
2231
2247
2246
2245
2264
2268
2267
2279
2291
2290
2300
2316
2308
2314
2311
2326
2333
2344
2342
2743
2341
2357
2418
2367
2368
2408
2401
2394
2385
2644
2388
2397
2414
2811
2437
2440
2642
2456
2835
2474
2473
2472
2469
2479
2867
2491
2496
2922
2506
2517
2520
2527
2522
2525
2301
2753
2323
2447
2176
2910
2420
2909
2589
2902
3018
3189
2599
3056
2176
2179
3828
2185
2651
2179
2508
3380
2280
2639
2259
2295
2596
2865
2297
2338
2185
2619
3370
3031
3165
2294
2298
2274
2561
2260
2688
2223
2618
2221
2842
2475
2834
2439
2620
2208
2827
2432
2448
2613
2812
2217
2664
2798
3076
2436
2795
2384
2616
2443
2751
2668
2781
2215
2780
2676
2677
2210
3158
2211
2214
2208
2677
3638
2210
2211
3746
3539
2228
2768
2214
2215
3542
3540
2217
2657
3307
2220
3157
2220
2221
3549
3545
2223
2242
3227
2236
2567
2234
2238
2230
2233
2228
2568
3293
2230
3042
3234
2257
2685
2233
2234
3532
3665
2236
2681
3296
2238
2239
3209
2686
2244
2687
2242
2688
3235
2427
2428
2690
2266
2691
2250
2263
2249
2685
2249
2250
3538
3649
2737
3097
2253
2698
3245
2261
2376
2376
2724
2257
2697
3275
2259
2260
4142
3573
2622
2273
2702
2698
2271
2705
2266
2562
3378
2282
2286
2270
2707
2270
2271
3596
3629
2273
2274
3556
3575
2276
3162
2700
2700
2708
2284
2558
2280
2313
3255
2282
2559
3262
2284
3163
3503
2286
2287
3259
2713
2302
2714
2387
3167
2605
2710
2306
2361
2304
2609
2294
2295
3615
4172
2297
2298
3715
3783
2320
2824
2301
2380
3269
2920
2608
2624
2647
2306
3127
3272
2645
3054
2315
2379
2393
2721
2317
2362
2330
2711
2313
2607
3591
2318
2731
2731
2317
2318
3627
3639
2320
2710
3604
2325
2329
2323
2529
3278
2325
2637
3283
2336
2734
2332
2335
2329
2330
3643
3589
2332
3022
3282
2343
3172
2335
2336
3654
3652
2338
2645
3252
2746
3155
2603
2626
2355
2364
2343
2345
3244
2345
2347
3292
2347
2742
3294
2747
3171
2693
2749
2353
2684
2531
2682
2353
2938
3226
2355
2758
3306
2754
3061
2423
2820
2365
2674
2416
2759
2361
2362
3994
4117
2364
2365
3632
3628
2419
2767
2372
2761
2412
2413
2373
2404
2405
2653
2372
2774
3212
2773
2396
2399
2775
3070
2783
2407
2411
2379
2380
3708
3510
2394
2790
2383
2788
3313
3376
2390
2392
2387
2794
3319
2400
2807
2643
2800
2801
2392
2393
3796
3724
2729
2396
2402
3326
2417
2422
2399
2400
3723
3713
2402
3166
3698
2404
2405
3621
3730
2407
2409
3217
2409
2808
3329
2411
2412
3516
3735
2759
2490
2811
2416
2417
3495
3704
2419
2420
3691
3523
2422
2423
3488
3569
2570
2804
2816
3178
2427
2819
3333
2649
2649
3164
2435
3179
2785
2814
2727
2690
2825
2435
2436
3754
3738
2445
2821
2483
2489
3154
2503
2829
2454
2809
2443
2615
3327
2524
2666
2831
2447
2448
3522
3768
2585
2917
2470
2864
2471
2485
2641
2839
2454
3084
3198
2841
2941
2583
2638
2461
2591
2462
3086
2464
3077
2461
2462
3916
4047
2464
3080
3474
2468
2859
2847
2848
2468
2853
3469
2470
2471
3777
3790
3181
3182
2854
3180
2475
2858
3467
2638
2860
2480
2627
2486
2588
2495
2866
2628
2627
2860
2483
3093
3462
2485
2486
3757
4261
2493
2498
2489
2490
3813
3811
2499
2502
2493
2866
3377
2495
3184
3821
2505
2868
2498
2499
3810
4041
2513
2630
2502
2503
3826
3824
2505
2636
3344
2519
2870
2508
2595
3387
2549
2552
2581
2611
2579
3015
2513
2936
3459
2565
2878
2556
3144
2883
3036
2541
2564
2519
2895
3456
2534
2896
2899
3143
2572
2951
2524
2896
3454
2666
2913
2533
2915
2574
2899
2529
2841
3452
2531
2733
3414
2533
2534
3903
3892
2555
3028
2547
2923
2831
2840
3001
3121
2967
3136
2541
3039
3449
2544
2961
2544
3047
3447
2883
3035
2547
2553
3445
2549
3025
3426
2934
3005
2552
2553
3928
4020
2555
2556
3924
3831
2558
2559
3842
3758
2561
2562
3496
3597
2564
2565
4023
3780
2567
2568
4194
4637
2570
2927
3229
2572
3059
3428
2574
3049
3429
2779
2872
2580
3043
2977
3062
2579
2580
3961
3938
2629
3067
3146
3074
2585
2833
3435
2837
2947
2588
2589
3979
3870
2591
3156
3463
3094
3135
3088
3125
2595
2600
3433
2872
3104
3123
2599
2600
4001
3991
2873
3120
3110
3114
2632
2605
2718
3441
2607
2931
3444
2625
2623
3091
3130
2631
2613
2661
3460
2615
2662
3471
2813
2618
2619
3602
4050
2621
2652
3153
3173
2646
2822
2726
2725
3129
2803
2763
2764
2630
2631
3533
3803
2802
3142
2635
3065
2635
2636
3487
3798
3277
3427
2640
3211
3191
2642
3270
3156
2644
3381
2801
3324
2647
4000
3099
2727
3205
3206
2651
2652
3559
3509
2654
3517
2778
2659
2670
2657
2671
3512
2659
3152
3216
2661
2665
3519
2781
2664
2665
3534
4115
3310
2668
2673
3526
2670
2671
3753
4124
2673
3149
3514
2675
4064
3289
2751
3223
3158
3215
2780
3157
2681
2842
3221
2683
3230
3231
2699
3432
3233
2687
3210
3554
3237
2696
3139
3239
2692
3347
2707
2694
3254
2733
2696
2697
3670
3565
3247
3201
3232
2702
2704
3580
2704
3133
3582
2706
3258
3162
3257
2709
3240
3163
3261
2712
4061
3021
2714
3260
3607
2920
3030
2822
3165
2718
2720
3587
2720
3103
3610
2722
3265
3166
2724
3246
3616
2726
4010
3102
3253
2824
3168
2730
3273
2794
3321
3170
3277
3585
2735
3243
2745
2753
3170
2738
3657
3563
2741
3118
2741
2742
3661
3578
3171
3172
2745
2746
3572
3667
2748
3199
2749
3299
2930
3100
3303
2757
3113
3675
2755
4080
3196
2757
2758
3490
3676
3302
2766
3107
2762
3682
2772
2764
3694
3683
2766
2767
3806
3684
2769
3647
3041
2774
2909
2772
2773
4209
3687
3308
2776
3689
3151
2778
2779
4108
3696
3408
3225
2865
3174
3173
3311
2785
3317
3497
2792
3343
2788
2793
3701
2790
3314
3626
2792
2793
3619
4164
3710
2796
3622
3250
2800
3167
2799
3717
3148
3220
3322
2803
3501
3109
2805
3548
2915
2807
2808
3878
3728
2810
3644
3176
2840
2813
3349
3331
2815
3763
3343
2817
3312
2819
2820
3178
3335
3332
2843
3222
3338
3164
3179
3342
2826
3558
3351
2828
3568
3214
2830
3535
3498
3384
2833
2838
3766
2835
3360
3074
2837
2838
3887
4249
3451
3361
3417
3410
3228
3087
3363
3079
3081
2847
2851
3774
2849
3369
3365
2851
3077
3742
2853
4255
3781
2855
3787
2858
2859
3181
3180
3182
3373
3368
3367
2863
3073
2863
2864
3801
3795
3354
3391
2902
3184
2869
3751
2926
2871
3431
3185
3424
2874
3959
3112
2882
3003
3009
3011
3004
3017
2879
3389
3183
2977
3014
2882
2887
4234
3305
2933
2968
3024
3187
2887
3012
3770
2999
3027
2996
2998
2993
2995
2990
2992
2987
2989
2984
2986
2981
2983
3032
3323
3394
2963
2973
2975
3034
3399
2964
3038
2961
3318
3400
3136
3402
2957
2966
2970
2972
2960
3046
2959
3188
2955
3297
3405
2911
3553
3053
2943
2949
2914
3686
3160
3420
2944
3058
2918
3965
3437
2952
2954
3407
2946
3141
3062
3189
2924
3416
2968
2926
2927
4333
3894
2940
3159
2930
2931
3900
3896
2933
2934
3613
4093
2936
3498
3846
2938
3248
3418
2940
2941
3625
3905
2943
2944
3762
3816
2946
2947
3726
3885
2949
3521
3889
2951
2952
4098
3910
2954
2955
3489
4034
2957
3318
4232
2959
2960
3876
3912
3404
2963
2964
3873
4231
2966
2967
4032
3868
3908
2970
3402
3917
2972
2973
3877
3919
2975
3396
3690
3143
3188
3530
3036
3423
3144
3187
2981
3819
3674
2983
2984
4071
3929
2986
2987
3863
3733
2989
2990
3861
3734
2992
2993
3858
3743
2995
2996
3855
3761
2998
2999
3853
3769
3001
3805
3977
3003
3004
3904
3931
3006
3838
3008
3008
3009
4276
3933
3011
3012
3836
3833
3014
3015
3848
3829
3017
3018
3835
3839
3142
3155
3021
3022
4328
3935
3024
3025
3635
3605
3027
3028
3898
3845
3030
3031
3883
3850
3483
3034
3035
4074
3923
3673
3038
3039
4037
3940
3041
3042
4304
3871
3044
3536
3064
3046
3047
3492
3945
3049
3051
3679
3051
3403
3948
3053
3054
4308
3949
3056
3197
3884
3058
3059
3493
3951
3061
3194
3888
3291
3064
3065
4123
3960
3121
3159
3068
3966
3072
3070
3695
3967
3072
3073
4218
3969
3464
3076
4262
3970
3219
3079
3080
4913
4228
3778
8971
9071
9097
3084
3438
3972
3086
3087
3773
3974
3089
3744
3316
3091
3352
3981
3093
3614
3983
3095
3808
3614
3097
3287
3986
3099
3100
4151
3989
3102
3103
4188
3505
3105
3663
3620
3107
3620
3995
3109
3110
4100
3997
3112
3113
4355
3720
3115
3711
3117
3117
3118
4546
4005
3120
3202
3830
3439
3123
3290
4007
3125
3281
4011
3127
3623
4013
3129
3271
3443
3131
3718
3138
3133
3563
4018
3135
3251
4025
3362
3138
3139
4373
4027
3141
3208
4016
3264
3374
3397
3146
3683
4039
3148
3149
4272
4045
3151
3152
4112
3706
3154
4054
3695
3345
3658
3192
3218
3224
3161
3681
3521
3412
3204
3508
3339
3203
3267
3169
3955
3623
3274
3284
3286
3287
3175
3504
3280
3177
4068
3451
3357
3334
3341
3371
3355
3190
3353
3375
3186
3958
3819
3393
3922
3421
3396
3271
3867
3409
3550
3194
3205
4293
3196
3197
4570
4387
3648
3973
3285
3300
3201
3202
3500
4095
3266
3699
3242
3502
3506
3491
3507
3208
3228
4265
3210
3666
4103
3256
4075
3309
3682
3214
3215
4105
3771
3707
3752
3330
3515
3745
3772
3475
3741
3268
3382
3296
3411
3386
3659
3304
3637
3440
3624
3472
3528
3419
3432
3236
3601
3660
3547
3895
3415
3594
3248
3552
3241
3413
3276
3537
3532
3872
3236
3238
4096
3238
3574
4146
3554
3557
3241
3242
4454
4385
3571
3653
3286
3564
3246
3567
4379
3567
3651
3250
3251
4344
4564
3325
3714
3586
3590
3301
3584
3256
3593
4157
3348
3595
3525
3631
3260
3263
4376
3442
3603
3263
3759
4366
3346
3501
3266
3725
4365
3268
3320
4167
3511
3675
4030
4031
3993
4014
3626
4055
3477
4072
3276
3566
4362
3476
3453
3522
3280
3281
4102
4473
3655
3936
3478
3642
3285
3499
4358
3499
3562
3289
3290
4514
4537
3422
3529
3295
3564
3646
3669
3295
3579
4192
3664
3298
3480
3403
3300
3301
4797
4557
3494
3737
3304
3328
4204
3531
3672
3633
3678
3513
3534
3309
3406
5239
3455
3685
3617
4004
3336
3359
3314
3702
4350
3316
3317
4242
5295
3875
3320
3881
4222
3641
3712
3383
3985
3457
3486
3325
3950
4349
3700
3722
3328
3473
4345
3330
3729
4240
3376
3518
3358
3570
3337
3491
3740
3755
3336
3337
4623
4847
3340
3999
3340
3851
4243
3356
3788
3747
3954
3748
3750
3800
3346
3668
4337
3348
3379
4246
3461
3760
3351
3352
4449
4838
3390
4076
3425
3609
3356
3372
4336
3358
3359
5350
4649
3465
3468
3385
3812
3869
3943
3364
3482
3778
3366
3942
4255
3694
3779
3470
3719
3776
4069
3560
4052
3372
3719
4822
3789
3793
3794
3937
3401
3822
4262
3392
3809
3379
3599
4331
3388
4077
3382
3383
4518
4817
3385
3386
4606
4607
3388
3434
4252
3390
3600
4268
3392
3823
4277
3398
3852
3820
3893
3423
3483
3865
3398
3832
4288
3430
3794
3401
3870
4327
3944
3479
3448
3874
3406
3524
4291
3608
3882
3409
3541
4290
3411
3546
4297
3413
3525
4299
3415
4059
4301
3446
4082
3703
3907
3419
3891
4325
3902
4057
3422
3841
4321
3450
3425
3697
4313
3606
3927
3466
3779
3953
4134
3430
3680
4320
3458
3957
3645
3434
3992
4338
3767
3964
3437
3438
4680
4810
3440
3978
4296
3442
3588
4352
4009
4081
3592
3897
3446
4021
4318
3448
3947
4357
3941
4022
3485
4024
4029
3453
3703
4359
3455
3820
4363
3457
3458
4407
4887
3555
3847
3461
3520
4367
3814
3984
3915
4044
3465
3466
4832
5207
3468
3793
4414
3470
3782
4900
3472
3473
4749
4904
3475
3727
4173
3477
3478
4418
4919
3481
3618
3481
4036
4141
3976
4202
3484
3485
3486
4420
4683
3716
3799
3705
4655
3911
4035
3677
3721
4084
3914
3946
3818
3952
3495
4389
4804
3577
3598
3764
4391
4089
4641
3645
4094
4099
3503
4165
3843
3609
4101
3611
4190
3586
4294
3508
4401
3740
3561
4053
3511
3709
4795
3513
4126
4406
3527
4046
3516
4601
3736
3732
4109
3760
4741
3520
4116
4368
4370
4128
3524
3693
4422
4292
3527
3528
4916
4424
3530
4138
4056
3923
4127
4130
3555
3804
4132
3825
4090
3939
4122
3538
4597
3650
3543
4156
3541
3544
4415
3543
3544
5001
4981
3546
3551
4979
3548
4083
4057
3550
3551
4528
4987
3594
3891
4058
4309
4144
4145
3576
3581
3558
4452
4448
3560
3561
4669
4453
3987
4004
4148
4186
3566
3671
4463
4185
4066
4106
3570
4655
4467
3572
4619
4469
3574
4143
4470
3576
3577
4435
4974
3579
3662
4450
3581
3583
4476
3583
4019
4480
3585
4203
4059
4460
3588
3612
5016
4060
4137
3768
4158
3592
3593
4485
4474
4161
3596
4721
3630
3598
3599
5021
4489
3780
4088
3602
5293
4050
3604
4120
3747
3606
3636
4494
3608
4378
4495
4210
3611
3612
4642
5017
3909
4092
4168
3785
4171
3617
4380
4503
3948
4439
3749
4163
4176
3688
3731
3739
4343
4180
3625
4801
3906
4351
3640
4119
3634
4063
3630
3631
5055
4487
3633
3634
4491
4488
3636
3852
4553
3638
4174
4066
3640
3641
4573
4529
3643
4478
4137
3648
4067
4191
3647
4771
4305
4207
3650
3651
5080
4535
3653
3656
4963
3655
3656
4399
4943
3988
4149
4031
4044
3660
4540
4266
3662
4006
4541
4008
4177
4194
4201
3666
4130
4531
3668
4469
4549
4550
4637
3671
4028
4525
3673
4198
4024
4070
4087
4072
3677
3678
5033
4568
3680
4140
4898
3956
4371
4208
4259
3692
3807
3686
4211
3956
3688
4725
4581
3968
4113
3866
4073
3692
3693
4429
5058
4187
4256
3697
4110
4587
3699
3700
4708
4589
3702
4472
4482
4360
3705
4804
5103
3707
4114
4598
3709
3712
5107
3881
4055
3998
4547
4221
3879
4213
3715
5113
3784
3960
4224
3971
4273
3982
4374
4226
3721
4356
5042
3723
4384
4213
3725
3797
4611
3886
4017
4214
4228
3729
3880
4461
3731
3732
4563
5076
3864
4062
3859
3862
3736
3737
5118
4457
3739
3756
4793
4179
3742
4506
3775
3856
3860
4012
4241
3746
4624
4156
4111
3749
3765
4629
3751
4511
4334
3753
4774
4124
3755
3756
4544
5127
3792
4340
3759
3844
4635
4162
3857
4065
3817
3890
3764
3765
4644
5123
3767
4251
4802
4128
3854
4015
3834
4235
3772
4105
4907
3975
4049
3775
3776
5142
4436
3786
3791
4202
4253
4312
3782
5553
4925
3784
3785
5484
5516
3795
4216
3788
3789
4632
5079
3791
3792
4627
4626
4160
4323
3802
3797
3985
4466
3799
3800
4603
4661
3802
3969
4316
3804
3805
4445
4534
3807
3996
4131
4026
4169
3810
4694
4041
3812
3815
4671
3814
3815
4654
5161
3817
3818
4682
4892
4085
4315
3822
3823
4685
4677
3825
3826
5659
4043
4042
5128
9195
4058
4077
3849
3962
3959
4271
3832
3926
4638
3834
3837
4690
3840
3932
3837
3934
4674
4133
4275
3840
3841
4695
4672
3843
3844
4498
5171
3899
3925
3847
4091
4599
3849
4056
4281
3851
3883
4700
4244
3854
4065
4282
3856
3857
4484
4703
3859
3860
4411
4620
3862
4062
4516
3864
3930
4285
3866
4076
4584
4075
4081
3869
4033
5177
3980
3872
4306
5186
3921
4239
3875
4712
4307
3913
4078
3918
3920
3879
3880
4715
5172
4229
3883
6563
4002
4388
3886
3887
4722
4250
4079
4295
3890
4372
4723
4643
3893
4740
4730
3895
4335
4733
3897
3901
4735
3899
4015
4658
3901
3990
4737
3903
4404
4740
4206
4303
3906
3907
5201
4727
3909
4082
4183
3911
4217
5100
3913
3914
4772
4786
3916
4754
4048
3918
4656
4805
3920
3921
4928
4552
3937
4078
4311
3925
3926
4785
5212
3928
4765
4396
3930
4556
4577
3932
4303
4807
3934
4585
4813
3936
4330
4815
4097
3939
3963
4820
3941
4038
4825
4069
4826
3944
4827
4656
3946
3947
4660
4828
4140
3950
4310
4833
3952
3953
4610
4835
3955
4410
4181
4166
3958
4578
4086
4664
4264
3962
3963
4560
5240
3965
4447
4679
4040
4219
3968
4258
4845
4220
3971
5145
4742
3973
4812
5683
3975
3976
4504
4849
3978
4534
4652
3980
4254
4341
3982
4840
4852
3984
4170
6182
4155
3987
3988
4914
4854
3990
4153
4499
3992
4003
4856
3994
4501
4118
3996
4178
4858
3998
4586
4860
4000
4618
4152
4002
4003
4520
5052
4245
4006
4548
4862
4008
4539
4864
4010
4676
4189
4012
4473
4866
4014
4182
4868
4260
4017
4267
4872
4019
4150
4875
4021
4396
4877
4023
4873
4312
4159
4026
4566
4880
4028
4375
4882
4030
4527
4509
4175
4033
4197
4443
4035
4036
5180
4885
4038
4154
4908
4040
4433
4890
4043
4794
6894
5572
4441
4046
4274
4897
4048
4049
5083
4902
4052
6204
9073
9211
5379
4054
4698
4257
4129
4512
4616
4139
4688
4061
4792
4329
4184
4064
4761
4513
4248
4247
4068
4896
4527
4227
4071
4757
4556
4287
4074
4523
4311
4707
4104
4605
4263
4080
4788
4571
4300
4195
4732
4734
4711
4848
4086
4087
4929
4614
4269
4702
4090
4091
4390
4934
4093
4278
4133
4095
4561
4271
4147
4940
4263
4324
4134
4217
4100
4395
4586
4102
5094
4946
4144
4533
4270
4583
4106
4953
8944
9204
9273
4109
4110
5141
5357
4121
4409
4113
4114
4412
4933
4116
4132
5091
4118
4119
4959
4417
4121
4353
5697
4123
4665
4264
4126
7987
8356
8576
5773
4199
4421
4136
4426
4446
4427
4428
4859
4842
4135
4718
4280
4393
4361
4432
4425
4322
4767
4430
4775
4434
4438
4886
4143
4233
4966
4551
4397
4444
4147
4471
4991
4149
4150
4699
4997
4152
4153
5840
6987
4231
4354
4465
4819
4468
4475
4747
4432
4459
4200
4419
4413
5019
4302
4781
4369
4884
4164
4496
4472
4386
4497
4212
4521
4223
4517
4169
4170
4502
5826
4172
4225
4233
4215
4505
4205
4247
4440
4509
4177
4178
4510
4984
4402
4543
4181
4182
5846
5845
4196
4279
4286
4515
4408
4536
4193
4780
4259
4648
4189
4190
5061
4911
4326
4745
4193
4451
5065
4637
4196
4319
5070
4232
4236
4199
4200
5316
5431
4298
4633
6953
4558
4776
4205
4346
5155
4234
4238
4895
5078
4209
5088
4725
4314
4576
4212
4364
5277
5025
4215
4507
5096
4317
4758
4591
4219
4220
4400
4593
4529
5243
4223
4230
5106
4500
4602
4579
5114
4823
4901
4437
4870
4913
4230
4426
5520
4239
4307
4580
4235
4659
4442
4645
4507
4851
6953
4545
4667
4383
4462
4600
4242
4615
5295
4617
4701
4289
4554
4503
4922
4332
4720
4640
4283
4705
4250
4251
5191
6027
4339
4604
4647
4651
4261
4347
5553
4257
4258
5588
5554
4433
4284
4657
4340
5145
4646
4392
4266
4267
5037
5961
4269
4270
5544
5438
4405
4273
4274
5297
5491
4276
4394
4585
4678
4693
4279
4280
5589
5582
4559
4766
4283
4284
5596
5594
4286
4403
5132
4706
4796
4289
4639
5175
4416
4528
4423
5238
4483
4487
4294
4295
4716
4681
4653
4800
4298
5041
5374
4455
4483
4675
4728
4302
4729
5158
4668
4305
4306
5527
5470
4714
4309
4310
4431
5205
4508
4567
4314
4588
5210
4731
4806
4317
4595
5209
4319
4878
5215
4519
4899
4322
4673
4990
4324
4519
5222
4326
4778
5225
4342
4686
4329
4330
5619
5632
4332
4490
5014
4334
4335
5039
5656
4631
4824
4395
4592
4339
4857
5654
4381
4342
4348
5244
4344
4398
4565
4346
4906
5689
4348
4382
5246
4834
5248
4351
4759
4446
4353
5018
5249
4493
4909
4356
4664
5067
4713
4830
4779
4798
4360
4361
4789
5194
4464
4596
4364
4806
5278
4613
4709
4377
4636
4368
4369
5093
5382
4371
4372
4522
5198
4374
4375
4726
5085
4377
4378
5641
5381
4380
4408
5157
4382
4628
5282
4493
4552
4590
5026
4386
4456
5728
4388
4572
4743
4458
4937
4935
4939
4782
5295
4500
4666
4394
5296
5599
5138
5231
4599
4947
4793
4944
4816
4942
4594
4891
4402
4711
5679
4577
4950
4746
5196
4562
4843
4841
5307
4684
4888
4955
4410
6102
5778
4621
4768
4846
4932
4414
4958
4831
4416
4982
5314
4574
4960
4706
4920
4420
5321
5577
4508
4961
4423
5060
5267
4748
4918
4479
4791
4969
4532
5245
4429
5326
5059
4431
5473
5327
5184
5010
4752
4977
4477
4973
4437
5144
5328
4439
5115
4752
4441
5102
4753
4443
5418
5274
4445
5765
5064
5185
4803
4992
4449
4996
4839
4451
4542
5346
4551
4995
4670
4697
4455
4456
5653
5955
4458
5120
5612
4460
5154
4755
4462
5174
5351
4464
4526
5352
4466
5286
4612
5002
5150
4625
5000
5003
4471
4968
6145
4994
4946
4475
4486
5821
4477
4481
5366
4479
4921
5013
4481
4876
5368
4759
4994
5015
4622
4704
4486
4735
5820
5057
4492
4760
4490
5046
5376
4492
4569
5022
5190
4555
4764
4763
5023
4630
5009
4498
5388
5562
4738
5204
5030
4868
5031
4881
5826
5032
4850
4903
4506
5342
5143
5202
4524
5189
4865
4985
4662
5038
4766
4767
4514
5371
4538
4516
5130
4768
4518
5526
4818
5167
4744
5051
4522
5452
5199
4524
4762
5053
4526
4882
5409
5187
4988
4575
8857
9139
9140
4532
4533
5465
5419
5064
4536
5082
5425
4538
4539
5853
5436
4609
5036
4542
4863
5441
4544
5883
5127
4659
5071
4547
4548
4769
4970
4592
5005
4633
4770
5072
5066
4554
4555
5636
5449
5109
4558
4799
6104
4560
5568
5241
4562
4745
5074
4582
5075
4565
4566
4945
5523
4702
4874
4569
5034
5453
4571
4572
5584
5457
4574
4575
5781
5901
5094
5183
5111
4889
4930
4580
5089
4967
4582
5166
5468
4584
4952
4762
5178
5137
4588
5357
6247
4590
4708
5474
4719
5099
5101
4594
4595
5666
5479
4597
5499
5081
4773
4978
4936
4601
5533
5119
4603
5309
5489
4605
5117
4775
4608
4634
4608
4609
5517
5481
4836
4894
4612
4613
5909
5518
4756
4931
4867
4956
4732
4746
4618
5750
5840
4965
5004
4621
4622
5330
5869
4650
4957
4625
4777
5488
4627
4628
4758
5534
4630
5125
5935
4632
5385
5079
5558
4671
5126
4636
5171
5536
4639
5214
5411
4953
5552
4779
4780
4912
5280
4778
4781
4782
5124
4783
5073
4772
5135
4648
5443
5011
4650
5350
5136
5140
5169
4653
5547
5416
4663
5162
5105
5006
4658
5229
4784
4692
4750
4829
4662
5489
5559
5151
6182
4844
4666
4821
5152
4668
5494
4808
4670
5020
5156
5163
4673
4696
5570
4691
4814
4676
5512
5062
4678
4687
5573
4680
4993
4811
4717
4787
4724
4893
4684
5577
5415
4686
4687
5677
6321
4729
4776
8903
9109
9228
4691
4692
5608
5462
4694
5748
5754
4696
4809
5585
4698
5337
5587
4855
4998
4701
6563
5581
5112
4704
4705
5687
5598
5035
4728
4747
4709
5971
5670
8909
9210
5253
4713
4714
4948
4783
5027
5173
4717
4755
5602
4719
4837
5606
4721
5365
5056
4751
5191
4724
5200
5719
5164
4853
5086
4789
5610
5456
5159
4731
5197
5983
5095
4734
5658
5444
4739
8464
8961
9071
4738
4739
5375
5825
5195
4790
5145
4790
5024
4744
5458
5616
5217
5472
5098
4749
5356
4905
4786
4962
4872
4951
4980
4754
6020
5338
5684
4757
5605
5110
5234
5097
4761
5344
5370
5146
5090
6563
4765
5383
5378
5170
5219
4975
4861
4971
4771
5445
5528
5233
4774
5288
5448
5574
4976
4907
5121
5122
4941
5254
4954
4956
4949
4785
5651
5213
5233
4788
5752
5744
5176
4884
4792
5422
5619
5129
6404
9063
4796
5108
5622
4798
4799
5291
6124
4801
5508
5201
4803
6447
5625
4938
4927
5008
5208
4808
4809
6035
5639
4811
4812
6116
5738
4814
5179
5962
4816
5634
5646
4818
4819
5769
5648
4821
5242
5403
4823
4824
5702
5386
4879
4910
4871
5553
5007
5235
4829
4830
5661
5447
4832
5270
5207
4834
5206
5664
4836
4837
5561
5668
4839
4840
5810
5435
4842
5548
5092
4844
5414
5068
4846
5555
5673
4848
4957
5674
4850
4851
5287
5680
4853
5435
5395
4855
4915
5691
4857
5355
5693
4859
4986
5695
4861
5139
5698
4863
4972
5700
4865
5437
5704
4867
5077
5706
5886
6157
9173
9237
4871
5149
4925
5505
4874
4879
5250
4876
4999
5712
4878
5232
5714
5040
4881
5525
7251
5085
6236
9180
9205
5116
4886
5182
5716
4888
4889
5510
5721
4891
5012
5671
4893
4894
5302
5724
4896
5796
5188
4917
5363
4899
4977
5726
4901
4924
5730
4903
5084
5731
4905
4906
5818
5733
5306
4909
4910
5550
5735
4912
5063
5965
6953
4915
4922
5877
4917
4918
5777
5736
4920
4921
5839
5645
4983
4926
5087
5854
4925
5942
5359
9272
4928
5463
5066
4930
4931
5604
5629
4933
5756
4978
4935
4936
5311
5292
4938
5485
5104
5043
5659
5044
5293
5256
5290
4943
5298
4964
4945
5440
5524
5077
5424
5764
4949
5301
5299
5133
5513
5305
5519
5147
5439
5306
5160
5308
5426
5566
5045
5542
5029
5271
4960
5031
5779
5054
5315
5262
5662
4964
4965
6493
7070
4967
4968
5460
6297
5521
5753
4971
4972
5325
5790
4974
5230
5048
5131
5329
5313
5792
5495
6237
4989
5041
5331
5333
4982
5334
6098
5393
5795
4985
4986
5335
5794
4988
4989
5493
5399
5220
5571
5294
5798
4993
5340
6116
5009
4996
5530
5809
4998
4999
5345
5811
5001
6526
5334
5192
5350
5004
5005
5353
5348
5007
5008
5799
5531
5227
5011
5012
6181
6146
5421
5645
5364
5377
5406
5652
5017
5018
5280
5360
5028
5079
5047
5379
5046
5048
5343
5454
5319
5381
5049
5297
5026
5027
5389
5835
5029
5387
6064
5153
5390
5391
5157
5392
5034
5042
5837
5396
5624
5037
5397
5961
5039
5322
5657
5251
5537
5050
5069
5285
5394
5047
5294
5708
6032
5497
5380
5332
5402
5678
5373
5384
5052
5400
5355
5054
5148
5851
5056
5057
5920
5405
5059
5060
5982
6381
5062
5063
6196
6378
5547
5255
5347
5427
5068
5069
6028
5429
5216
5590
5430
5434
5420
5569
5300
5417
5218
5413
5076
5264
5258
5281
5265
5683
5081
5082
6112
6275
5084
5338
6025
5086
5504
5442
9262
5165
5257
5237
5459
5320
5746
5092
5093
5938
5892
5281
5317
5471
5203
5341
5185
5228
5455
5823
5100
5269
5181
5349
5476
5478
6031
5104
5105
5897
5150
5522
5526
5108
5243
5304
5110
5111
5766
5486
5252
5545
5248
5490
5236
5516
5333
5717
5402
5502
5654
5960
5119
5120
6077
6403
5289
5487
5308
5339
5124
5125
5919
5991
5398
5535
5129
5611
7034
7037
5131
5134
5864
5133
5134
6300
6278
5224
5261
5193
5541
5138
5139
5477
5925
5443
5446
5258
5358
5143
5144
6134
6384
5147
5148
6395
6266
5328
5943
5556
5539
5686
5153
5404
5945
5310
5718
5551
5690
5336
5380
5566
5159
5160
5313
5848
5162
5163
5538
5506
5165
5166
5408
5939
5223
5727
5442
7573
9261
5207
5272
5221
5567
5562
5173
5174
5874
6703
5412
5637
5194
5742
5235
5274
5179
5599
6033
5181
5182
5628
5969
5211
5401
5310
5543
5601
5245
5470
5188
5189
5879
5478
5428
5549
5603
5193
5557
5978
5543
5196
5197
5515
5984
5199
5200
6230
6433
5610
5203
5682
5988
5989
6987
5206
5327
5849
5578
5954
5480
5635
5211
5996
6043
5213
5214
6605
6410
5216
5715
5927
5218
5226
6416
5220
5221
6231
6598
5223
5224
6324
6227
5226
5339
5979
5228
5980
6007
5595
5650
5332
5367
5232
5378
6002
5260
5534
5635
5275
5237
5565
6016
5239
5266
5257
5241
5242
6314
6430
5263
5247
5676
5276
5247
5283
6022
5564
5362
5697
5251
5252
6272
6445
5675
5679
5255
5256
6761
6398
5259
5324
5268
5407
5261
5262
6075
6575
5303
5903
5323
5469
5423
5867
5267
5268
6383
6349
5607
5627
5271
5272
5895
5461
5284
5572
5659
5575
5576
5800
5466
5660
5279
5451
5279
5578
6407
5361
5372
5283
5593
6039
5285
6296
6067
5649
5910
5681
5732
5757
5999
5492
6009
5291
6072
6126
5312
5424
5379
5833
5583
5921
5491
5647
6493
5300
5763
6074
5447
5762
5720
5797
5304
6501
5623
5483
5772
5492
5631
5773
5774
5390
5775
5782
5312
5394
5783
5847
5493
6100
5316
6190
5432
5444
5785
8828
9077
9157
5320
6414
6095
5433
5803
5560
5986
5324
5788
5985
5699
5789
5696
5981
5894
6386
5330
6253
5870
5495
5916
5496
6005
6099
5705
5793
5337
6532
6530
6225
6083
5626
5994
5342
6860
6115
5344
6174
6121
5692
5812
5347
5441
6533
5349
5354
6539
5532
6194
5410
5498
5354
5500
6822
5805
5737
5817
5358
6549
5815
9184
5361
5362
5592
5932
5491
5678
5365
6351
5920
5367
5369
6149
5369
5713
6151
5371
6122
6153
5401
5707
5374
6155
5745
5824
5977
5377
6108
6139
5831
6138
5643
5501
5892
5450
5830
5399
5786
5386
5387
5703
6561
5729
5952
5475
5834
5836
5711
5780
5393
6168
6424
6023
5503
5972
5838
5841
5482
5828
5506
5827
5758
5617
5806
5842
5868
5404
6432
6184
5406
6270
6188
5408
6154
5940
5410
5814
5852
5412
6411
6192
5414
6210
6029
5509
5804
5507
5855
5418
6583
6113
5420
5467
6201
5422
6409
6203
5796
6198
6092
5426
6277
6207
5428
5464
6209
5856
6030
5494
6178
5432
5433
6588
6375
5462
5784
5857
5437
5853
6211
5439
5546
6213
5621
5858
5701
6578
5808
6286
5614
5861
5461
5860
5663
5773
5998
5450
5638
6217
5452
6160
6229
5454
5837
5866
5456
5832
5511
5458
5584
6233
5460
6559
6345
5896
5609
5464
5579
6238
5466
5467
6088
6617
5469
5941
6302
5529
5472
6071
5514
5709
5893
5475
6353
6622
5477
6163
5925
5931
5480
5667
6248
5482
5517
5898
5505
5899
5490
5516
5613
6241
5513
5768
5488
5904
5872
5918
5563
5580
5758
6036
5761
5497
6110
6108
5499
6187
6111
5816
7070
5502
6365
6105
5504
5907
5814
5906
5540
5508
6712
5741
5510
6340
5722
5512
6562
6195
5959
5515
6136
6059
5535
5905
5911
5603
6254
5521
5522
7027
6634
5524
5525
5859
6947
5770
5528
5529
5862
5660
5569
5843
5579
5801
5533
6264
6076
5593
6013
5642
5953
5735
5923
5539
5540
6280
6268
5542
6372
6307
5912
5545
5546
6343
6626
5863
5600
5937
5550
6934
5914
5552
5928
5580
5555
5588
7075
5557
5897
6298
5614
5745
5560
6269
6669
5669
5725
5951
5564
5565
5665
6305
5917
5568
6478
6313
5865
5571
5586
6317
5754
5747
6321
5709
5960
5576
6113
6315
5802
5995
6034
5915
5746
5749
5583
5591
6552
5744
5586
5640
6329
5588
6845
5590
5591
6246
6705
5933
5965
5966
5595
5597
6334
5597
5743
6323
5688
5743
5922
5631
5968
5753
6008
5685
5751
6027
5723
5976
5630
5767
5607
5668
7076
5609
5936
6200
5740
5655
9271
5613
6405
6387
5900
9012
9252
9275
5617
6234
6599
7806
9056
9266
5633
9014
9048
9246
6733
7037
5623
5624
6503
6401
5626
6479
6047
5628
6261
6341
5630
5976
6711
6000
5633
5634
7293
7663
6001
5637
5638
6357
6737
5640
6037
6455
5642
5643
6389
6412
5924
6493
7070
5997
5647
7663
7345
5649
5771
6421
5651
6258
6606
5653
6359
6306
5694
5964
9258
5657
5658
5987
6508
5963
5662
5663
6864
6273
5665
5850
6368
5667
5672
6426
5669
6394
9197
9248
5672
6146
6846
5755
6327
5675
6307
6899
5677
6614
6346
5776
5829
5681
5682
6179
6436
5738
5685
5718
6439
6021
7251
5688
5871
6038
5690
5734
7154
5692
5877
6442
5694
5807
6757
5696
6140
6762
5791
5699
6274
6448
5701
6328
7380
5703
5739
6310
5705
6212
6450
5707
5708
6572
7086
5760
9110
9191
9230
6457
6900
5713
5813
6460
5715
6004
6463
5717
5970
6465
6167
5720
6435
6904
5722
5723
6498
6469
5725
5797
6183
5727
5761
6781
5729
5956
6473
5739
6042
5732
6026
6470
5734
6069
7170
5914
5737
6079
6792
5950
5957
5741
5742
6785
6215
5967
6336
5948
5819
5748
6235
6295
5750
7795
6062
5752
6262
6326
5990
6294
5756
5958
6237
6017
6237
5875
5787
9082
9188
6613
6704
6073
5763
6097
6491
5765
6494
5863
5767
5768
6467
6078
5770
5771
6632
6700
6429
6452
6082
6103
5918
6084
5777
6085
6079
5846
7144
5780
5781
6089
5902
5913
6166
6024
6091
6177
6361
6070
6093
6094
6332
6142
9022
6055
6303
5790
6101
6328
5876
6102
5930
6104
5794
6109
6140
5877
6066
5878
6205
5880
6145
5800
5801
6119
6117
5803
5804
6263
6338
5806
5807
6107
6522
6180
6214
5810
5844
5857
5812
5813
6444
6540
5881
5926
6471
6226
6502
5818
6141
6069
6096
6143
5822
5947
5822
5823
6391
6147
5825
6624
5947
6182
6014
6304
5884
5906
5883
5885
5831
6159
6003
6148
6562
6114
6137
5835
6161
5873
5946
6162
5856
5839
6571
5997
6987
6170
6402
6044
6169
5844
6576
6537
5846
5886
5848
6285
6103
5850
6242
6925
6189
6267
5882
6186
6153
5926
9152
5863
6193
5888
5973
5859
6050
6947
6214
6244
5862
6250
5963
6252
6279
6202
6219
5889
6175
5890
5891
6086
6106
5870
5871
6600
6172
6441
6526
5874
6971
6703
6094
6418
5934
6220
5879
6311
5931
6114
6374
5882
5907
6531
5887
5898
5899
6123
6899
6900
6135
7037
5889
6454
6519
6048
6197
5950
5994
6232
5894
6608
6242
5896
6065
6243
6241
6015
6283
5949
6249
5902
5903
6090
6629
6010
7668
5971
6057
5961
5908
5974
7023
5910
5911
6118
6255
5913
6216
6511
6633
5929
6259
6006
6128
6168
6208
6269
5992
6032
6270
5922
6144
6049
6271
6337
6226
6666
6274
9277
6245
6464
5929
6667
6795
6133
6284
6171
5933
5934
6477
6789
5980
5993
5962
6058
5938
6320
6232
5940
5941
6555
7045
5943
5944
6730
6042
6580
5946
6185
6741
6709
5949
6156
6672
6116
5952
5953
6218
7032
5983
6011
5956
6306
6678
6309
6400
6018
6312
6129
6299
6694
6033
6290
6331
9270
6380
6001
6040
6322
6333
6319
6482
5970
6341
6695
6353
5973
5974
6537
7085
6051
6947
7251
6344
5989
6060
6342
6354
6130
6485
6061
5982
6754
6382
5984
6059
6054
6549
5987
6390
6508
6438
6861
6062
6420
7102
5992
5993
6652
6732
6046
6012
6406
6056
6247
6408
5999
6000
6019
6415
6377
6003
6004
6558
7115
6006
6466
6544
6008
6164
6419
6010
6259
7025
6012
6289
6748
6014
6015
6937
7036
6158
6308
6018
6019
6996
6490
6031
6251
6053
6281
6041
6615
6024
6068
6774
6026
6347
7151
6447
6029
6030
6636
6453
6045
6165
6049
6239
6293
6036
6037
6486
6714
6173
6333
6040
6041
7089
7242
6063
6044
6081
6782
6171
6475
6047
6048
6773
7520
6222
6052
6734
6052
6053
6858
6820
6055
6056
6755
6080
6257
6516
6199
6224
6287
6301
6973
6164
6376
6973
6399
6581
6065
6646
6489
6425
6443
6068
6370
6776
6546
6071
6870
6127
6132
6398
6128
6781
6492
6583
6228
6582
6077
6621
6403
6129
6468
6087
6081
6756
6823
6083
7040
6130
6162
6506
6086
6087
6829
6793
6292
6618
6090
6459
6661
6092
6630
6495
6509
6586
6513
6096
7113
6838
6273
6514
6099
6100
6725
6417
6449
6753
8033
6844
6124
6106
6933
6847
6521
6599
6523
6451
6527
6149
6524
6112
6923
6276
6673
6698
6134
6564
6120
6293
6256
6422
6120
6316
6534
6122
6176
6893
6135
6603
6126
6221
6458
8033
6131
6136
6740
6488
6643
6692
6132
6133
7092
6825
6385
7048
6288
6138
6777
6538
6350
6525
6528
6545
6794
9021
9199
6547
7795
6223
6352
6297
6627
6148
6392
7243
6152
6236
9128
9179
6152
6461
7313
6892
6191
6554
6156
6332
6890
7372
9037
6559
6780
6355
6557
6462
6550
6518
6565
6567
6651
6751
6568
6260
6569
6167
6911
6480
6637
6572
6642
6570
6573
6574
6173
6602
7827
6175
6176
7132
7225
6178
6553
6472
6437
6470
6181
6918
6627
6206
6393
6185
7146
6920
6187
7216
6922
6358
6677
6190
6924
6589
6349
6579
6356
6929
6348
6496
6703
6853
6196
6685
6379
6198
6517
6360
6200
6735
6361
6202
6619
6935
6954
7293
9050
9264
6206
6566
6585
6208
7039
6939
6240
6362
6484
6635
6212
6892
7523
6396
6907
6593
6216
6787
6949
6355
6739
6474
7032
6576
6595
6221
7107
7051
6223
6224
7099
6956
6251
6347
6596
6228
6325
6959
6230
6551
6434
6318
6597
6363
6234
6336
6963
6366
6688
9163
6239
6240
7397
7512
6265
6743
6244
7071
6982
6246
7050
6706
6549
6377
6427
6250
7054
6291
6476
6253
7062
6601
6452
6487
6256
6257
7021
7014
6335
6536
6641
6644
7086
6639
6663
6440
6671
6339
6367
6620
6664
6298
6388
6267
6397
6978
6282
6304
6507
6675
6272
7180
7035
6864
6750
6276
6277
7430
7038
6279
6816
7104
6281
6282
6878
7041
6428
6958
6285
6881
6882
6508
6586
6288
6289
7249
7676
6291
6292
7207
6885
6497
6295
6296
6687
6369
6345
6354
6300
6981
6816
6624
6869
6303
7047
7055
6584
6308
6368
6680
7252
7147
6310
7063
6561
6360
6574
6371
6683
6314
6770
6431
6316
6674
7282
6318
6330
7072
6320
6946
6364
6346
6323
6896
7077
6325
6708
7009
6336
6628
6371
7075
6908
6330
6456
7079
9166
9264
6880
6556
6335
7077
7081
6633
6791
6339
6340
7082
6499
6640
6372
6736
6446
6625
6373
6710
6374
6366
7148
6510
6712
6815
6351
7423
6676
6543
6552
6548
6623
6727
6357
6951
6738
6359
7136
6681
6715
6765
6512
6934
6364
6365
7297
6932
6616
6375
6610
6925
6370
6689
7648
6650
7893
6469
6668
6719
6590
6722
6732
6724
6379
6380
7108
6481
6382
6383
6873
6815
6385
6386
6604
6728
6388
7103
7237
6413
6665
6670
6938
6392
6483
6965
6394
7383
7120
6396
6397
7126
7392
7033
6400
7162
7064
6402
6505
7097
6405
9213
9256
7340
6407
6975
6462
6409
7210
7029
6411
6607
7000
6413
6414
7088
7111
6482
6490
6484
6485
6418
7696
7850
6420
6901
7114
6422
6702
7407
8871
9084
9193
6425
6638
6931
6427
6520
6745
6429
6863
7140
6431
6432
7461
7145
6434
6435
7511
6988
6437
6438
7068
6961
6440
6480
6915
7668
7693
6443
6444
6818
6541
6446
7035
7172
6479
6449
6752
7433
6451
7215
7435
6560
6454
6849
7158
6456
6927
7160
6458
6459
7134
6797
6461
6542
7232
6529
6464
7115
7452
6466
6697
7421
6468
6744
6771
6500
7153
7998
9068
6486
6944
6474
6679
7384
6476
7551
7148
6481
6788
6647
6769
6487
6609
7110
6594
6709
6731
6942
6587
6713
6773
6866
7010
6660
7071
7090
6492
6515
6817
6495
6496
6984
7193
6535
6834
6499
6500
7084
6821
6504
6645
6648
6822
6504
6505
7013
7191
6507
7253
7049
6889
7067
6832
7195
6950
6994
6827
6835
6826
6836
6515
6837
7405
6548
6749
6716
6842
6649
6971
7026
7159
6718
6846
6522
7217
6758
6524
6525
6840
7206
6725
6528
6967
6763
6851
6977
6650
6845
6850
7131
6538
6768
6721
6760
6535
7226
7424
6855
6930
6656
6631
6651
6822
6541
6542
6819
7942
6831
7100
6866
7235
6546
6867
7181
6839
6868
6622
6551
6852
7511
6707
6767
7005
6555
7246
7046
6895
6985
6558
7124
7116
6719
7141
7212
6646
6684
6862
6966
6622
7256
6611
6904
6902
6905
6723
6901
6652
6909
6571
6910
7210
7086
6912
7098
6653
6582
6654
6655
6591
6983
7167
6592
9259
6811
7263
6581
6926
7826
6691
6686
6936
7043
6612
7438
6938
6693
6941
6589
6590
7284
6928
8818
9202
9226
9279
6854
6918
6945
6948
6886
6935
6952
7149
6598
6658
6647
7007
6601
6602
7188
7842
6699
7017
6729
6966
6606
6607
6855
7600
6613
6742
6916
6968
6969
7083
6612
6970
7689
6657
6615
6616
6955
7318
6618
6619
6871
7231
6621
7371
7323
6903
7238
6709
6626
7057
6907
6872
6671
7011
6645
6661
6775
6984
6779
6806
6634
6701
6934
7028
6636
7004
6849
6638
6940
7334
6640
7354
6696
7024
7118
6783
7018
6772
6980
6909
7018
6662
6659
7031
7150
7417
6726
7258
6768
7417
6732
6717
7250
6864
6913
6656
6887
7085
6856
6914
7030
7073
6660
7065
7317
6796
6798
7012
6802
7076
6726
6853
6720
7032
6690
7345
6799
7154
7044
7179
6670
7049
6888
6917
6891
7053
6674
6686
7312
6676
6677
7445
7061
6679
6682
7515
6681
6682
7685
8028
6807
6919
6685
7265
7109
6875
6688
6689
7060
7653
6952
7174
6960
6974
6693
7074
7545
6704
6759
6696
6697
7451
7449
6778
6809
7095
7893
6701
6702
7295
8037
6801
6706
6707
7681
8184
6781
6986
6711
7163
6744
6786
6714
6814
6927
6716
6717
7592
7726
6746
7264
6809
7087
7384
6808
7380
6723
7078
7376
6747
7089
7696
6841
6898
7091
6729
6730
7669
6926
6883
6964
6734
7048
7390
6766
6957
6903
7094
6738
6739
7613
8210
6884
6897
6905
6921
6743
6993
6990
6803
6746
6747
7644
7543
6906
6976
7015
7257
6751
6752
7413
7455
6790
6908
6764
6810
6756
7056
7374
6758
6759
7219
7418
6761
7227
7033
6763
6764
7627
7783
6766
6767
7642
7529
6805
6770
6843
7459
6772
6804
7466
7212
6775
6813
7704
6813
7325
6778
6779
7662
7740
7016
7019
6783
6824
7496
7293
7436
7663
6786
6787
6879
7197
6789
7156
7106
6808
7356
6828
7168
6793
6794
6830
7164
6800
7118
6797
6798
7213
7553
6800
7182
7464
6856
7420
6812
7143
6804
7178
7471
6806
6807
7708
7610
6833
7020
6811
6873
7139
7300
7354
7183
7002
7184
6873
7220
6874
7406
6819
6876
7580
6859
6877
7044
7190
6824
7375
7497
6881
7093
6880
7198
6828
7509
7501
6830
6848
7165
7200
8184
6879
7201
7202
7275
7203
7397
7458
7512
7429
8056
6995
7427
6839
7700
7541
7205
7245
7211
7371
7291
7520
7133
7369
6882
7155
7075
6872
6848
7639
7525
7475
7216
7333
6852
7528
7288
6971
6982
7223
7537
7314
9031
9159
9250
6859
7391
7228
6861
6862
6865
7344
6943
7395
6962
7343
7233
7166
7234
6869
7236
6883
6884
6889
6885
7230
7240
6875
7723
7443
6931
7189
6878
7493
7042
7196
7096
7352
7351
7350
7760
7209
6887
7666
7122
6989
7567
7241
6891
7096
8063
6893
7530
7034
9086
6896
7900
7538
7249
7474
7247
8210
7252
7144
7363
7253
7349
7255
6988
7469
7259
7676
6992
7380
7078
6912
8080
6968
6994
7261
6974
6995
6993
7262
6916
6917
7568
7560
7240
6996
7301
6921
7748
7847
6923
7272
7431
6979
7284
6990
7669
7185
6969
7319
6997
7000
7001
7575
7335
6933
7299
7604
7331
6937
7695
7422
6989
6940
7675
7605
6942
7382
7003
6958
7296
7002
7005
6946
7735
7298
6972
7302
6950
7612
7611
6998
7613
7303
7029
7052
7006
7446
6957
7101
7629
7036
6960
7624
7620
6962
7069
7622
7007
7011
6965
8301
7470
7923
7437
7627
7315
7260
6999
7316
7090
7387
7795
7385
6976
6977
7710
7631
6979
7394
7736
6981
7794
7221
7468
7119
9244
7194
7214
7321
7008
7010
7204
7066
7175
7287
7613
8210
7058
7125
7175
7403
7346
7090
6998
7576
7570
7204
7288
7600
7081
7289
7290
7004
8169
7476
7329
7242
7585
7128
7009
7714
7624
7367
7484
7013
7813
7649
7015
7022
7853
7147
7326
7059
7651
7332
7020
7658
7661
7022
7169
7500
7123
7131
7025
7338
7130
7132
7408
7028
7102
7294
7368
7031
7400
7133
7137
9006
7286
7422
7039
7432
7674
7074
7155
7042
7043
7495
7673
7467
7046
7047
7280
7802
7059
7362
7373
7681
7134
7357
7436
7687
7054
7881
7208
7056
7802
7883
7058
7173
7358
7555
7322
7660
7135
7360
7105
7187
7064
7065
7463
7678
7067
7579
7732
7069
7410
7701
7468
7073
7080
7894
7292
7120
7341
7414
7080
7161
7722
7342
7083
7084
7638
7190
7121
7088
7988
7112
7379
7124
7186
7093
7137
7728
7095
7557
7659
7365
7098
7192
7581
7100
7101
7907
7930
7129
7340
7398
7105
7222
7752
7107
7337
7683
7109
7110
7304
7138
7112
7113
7777
7699
7127
7364
7116
7508
8249
8594
8776
7254
8946
9122
7142
7122
7123
7870
7725
7508
7126
7721
7393
7129
7366
7218
7485
7305
7176
7229
7320
7224
7307
7213
7136
7952
7684
7273
7156
7361
7359
7783
7141
7396
7601
7143
7444
7744
8033
7146
7743
7747
7175
7152
7150
7733
7535
7152
7153
7976
7961
7170
7347
7336
7384
7434
7516
7159
7477
7985
7161
7524
7757
7381
7462
7178
7179
7165
7166
7526
7749
8817
8947
7180
7411
7199
7407
7181
7478
7681
8184
7173
7594
7761
7481
7687
7668
8056
7306
7627
7783
7472
7324
7285
7182
7234
7510
7703
7185
7771
7524
7248
7487
7188
7267
7842
7491
7730
7492
7192
7649
7774
7194
7195
8283
7776
7197
7513
7612
7503
7628
7442
7499
7480
7964
7729
7780
7412
7562
7426
7550
7511
7206
7327
7268
7208
7209
7791
7517
7368
7518
7742
7520
7552
7270
7827
7269
7523
7271
7218
7219
7589
7419
7221
7222
7811
8051
7283
7591
7225
7531
7530
7274
7282
7273
7275
7494
8300
7339
7429
7231
7583
7331
7276
7942
7278
7716
7539
7277
7421
7541
7677
7238
7399
8309
7379
7542
7543
7264
7731
7770
7379
7265
7470
8753
9196
9274
7313
7866
7263
7279
7248
7548
7779
7676
7355
7551
7893
7362
7465
7558
7556
7819
7257
7258
7820
7741
7507
7711
7559
7561
7482
7564
7326
7549
7281
7283
7266
7304
7935
7270
7753
7308
7423
7457
7514
7521
7272
7815
7786
7402
7425
7506
7309
7310
7313
7278
7756
7944
7280
7800
7801
7359
7547
7312
7705
7319
7286
7609
7594
7548
7571
7595
7598
7665
7330
7804
7569
7601
7348
7544
7295
7305
8037
7607
7682
7298
7299
8225
8238
7686
7746
7388
7610
7389
7734
7483
7733
7361
7311
7617
7765
7401
7615
7328
7717
7402
7563
7527
7911
7440
7690
7443
7546
7549
7404
7625
7597
7688
7565
7680
7322
7446
7447
7633
7725
7522
7901
7643
7340
7378
7619
7646
7370
7648
7650
7328
8044
7854
7330
7584
7855
7808
7415
7498
7633
7858
7335
7606
7718
7337
7602
7863
7339
7558
7867
7342
7538
7664
7344
7641
7848
7436
7386
7670
7348
7353
7871
7578
7603
7677
7868
7352
7353
7768
7905
7450
7635
7727
7412
7433
7614
7683
7720
7762
7618
7445
7691
7667
7567
7364
7377
7706
7504
8063
7441
7707
7713
7716
8080
7460
7616
7510
7924
7378
9236
9263
7439
7452
7375
7884
7909
7377
7416
7910
7409
7448
7826
7586
7913
7438
7444
7386
7621
7922
7388
7389
8211
8209
7391
7555
8300
7393
7394
8181
8217
7396
7608
7784
7512
7399
7409
8338
7401
7896
7933
7838
7404
7611
7938
7406
7428
7738
7690
7532
8006
7519
7636
7961
7502
7637
7490
7456
7766
7415
7416
8250
8199
7766
7419
7420
7956
7953
7449
7682
7445
7425
7426
8126
8535
7428
7671
7789
7628
7431
7432
7787
8255
7455
7879
7987
7437
7457
7763
7652
7479
7488
7441
7442
8043
8087
7505
7656
7453
7561
7737
7630
7759
7647
7451
7697
7647
7454
7623
7719
7486
7508
7456
7489
7764
7509
7550
7460
7461
7959
7743
7463
8260
7679
7465
7540
7990
7473
7805
7646
7672
7566
7603
7963
7982
7472
7473
7619
7886
7507
7769
7476
7477
8198
8462
7479
7480
8258
8098
7482
7483
8075
8192
7485
7560
7554
7487
7488
8024
8277
7490
7536
7943
7527
7580
7638
7672
7494
7495
8015
7991
7497
7498
8150
8285
7500
8089
7967
7502
7941
8019
7504
8276
8021
7506
7724
8025
7957
7939
7989
7729
7916
7533
8512
7516
7782
8787
7582
7792
7519
8031
8054
7522
8337
8147
8512
8175
7526
7773
7750
7984
7596
7632
7584
7793
8512
7532
7533
8029
8040
7535
7536
7766
8174
8241
7574
7600
7796
7540
7751
7798
8162
7585
7908
7645
7545
7947
7586
7814
7891
7800
8059
7816
7830
7825
7593
7553
7614
7587
7588
7996
7692
7557
8102
8071
8008
7590
7889
7822
7837
7563
8107
8076
7581
7823
7566
7824
7591
7577
7626
7822
7592
8084
7571
7877
8073
8713
9163
9198
9017
9279
7575
7576
7599
7875
7578
7579
8137
8093
7942
7775
7583
8215
7968
7799
7623
7836
7813
7914
7589
8066
7956
7638
7852
7818
7934
7634
7976
7829
7596
7597
8273
8091
7599
8134
7876
7841
7667
7833
7834
7639
8240
7606
8097
8236
7608
8146
8100
7637
7835
7709
7917
7915
7936
7616
8183
8334
7618
8230
8104
7885
7621
7994
8105
7640
7702
7840
7992
7626
8216
8110
7997
7642
7932
7843
7848
7632
7712
8349
7950
7635
7636
7859
7767
7946
7772
7641
8228
7844
7793
7719
7846
7645
7654
7839
7803
7754
7653
8381
7658
7832
7657
7659
7655
7698
7660
7705
7861
7656
8172
7745
7692
7912
7851
8072
7924
7662
8117
7906
7665
8220
8099
7788
7869
7981
7873
7671
8208
8034
7781
7694
7991
7675
8281
8140
7918
7679
7680
8279
8811
7880
7865
7685
7973
8028
7697
8004
8080
7689
7954
7698
8037
7717
7887
8070
7696
7850
7695
8374
7880
7755
7899
7700
7778
8163
7702
7767
8165
7704
8001
7890
7999
7707
8170
8167
7709
7715
7892
7711
7712
8156
8390
7714
8352
7993
7740
7897
7903
8112
7730
8212
8061
7721
8451
8180
7758
7895
7724
7739
8177
8045
7727
7934
8115
7768
7838
7919
7983
7732
7927
7929
7904
7735
8438
8224
7737
8219
8231
7739
7790
8234
7906
7742
7821
8542
7958
7745
7746
8477
8246
7748
7960
8577
7750
7751
8318
8201
7753
8053
8292
7755
7756
8166
8252
7758
8175
8237
7817
8260
7769
7770
7762
7829
8456
7764
7765
8042
8270
7860
7849
7878
7925
7804
8191
7773
8013
8319
7775
8381
7965
7780
8014
7778
8018
8402
8023
8039
7807
7852
8026
7785
8028
7841
8101
7995
8787
7787
7970
8255
7808
7809
7790
8034
8287
7792
7882
8293
7920
7805
7810
7902
8220
9203
9234
9242
7990
8116
7856
7921
8046
7802
8883
8026
8048
7812
7828
9150
9268
8047
8119
7968
8032
8094
7811
8086
8051
7857
8294
8886
7831
8055
7858
7969
8038
8058
7845
8036
7999
8067
7986
8309
7821
7962
8496
7996
7966
8074
8068
8078
7940
8079
7873
7842
8085
8154
7835
7831
7832
8466
8090
7864
8187
7978
8092
8096
7949
8233
8081
8232
7974
7862
7908
8131
8186
8109
7844
7845
8649
8672
7924
8060
7963
8113
7923
7905
7975
8056
8117
8153
8118
7962
7967
8111
8125
7856
7857
8581
8565
7874
7860
8057
8121
7862
8065
8359
7864
7865
8441
8144
7911
8044
7997
8009
8103
8301
7870
8127
8045
7948
8179
9102
9233
9243
7923
7951
8148
7876
7877
8527
8734
7926
8035
7979
8151
8152
7882
7980
8950
7884
8883
8385
7886
8049
8154
7952
8000
8016
8070
8157
8081
8158
8159
8283
7953
8066
7898
8211
7895
7896
8263
8248
7898
8050
8619
7955
8171
7901
7902
8195
8394
7945
8251
8173
8176
8179
8114
7931
7964
8185
8150
8416
8170
8199
8124
8132
8157
8169
8203
7937
8030
7916
7917
8204
8200
8141
8145
8047
8205
7921
8407
8393
8106
8207
7926
7928
8621
7928
8214
8412
8093
8213
7931
7932
8411
8410
8182
8249
8193
7981
7982
7937
8144
8414
8200
8216
7940
7941
8515
8570
8107
8243
7945
8254
8440
8020
8244
7948
7949
8662
8589
7951
8321
8373
7973
7956
7955
8139
8455
8035
8155
7959
7960
8668
8641
7976
8459
7977
8007
7966
7972
8361
8083
8094
7970
8149
8420
7972
8030
8886
8299
7995
7975
8077
8312
7978
8196
8333
8095
8356
8011
8063
8012
8301
7984
8266
8460
8003
8006
8223
8226
7988
8018
8062
8256
8257
8017
7993
7994
8425
8525
8189
8010
8275
8928
9278
8064
8142
8261
8160
8256
9115
9220
9232
8005
8462
8197
8247
8229
8267
8268
8136
8418
8009
8257
8467
8110
8122
8022
8262
8103
8187
8280
8443
8119
8283
8016
8017
8286
8419
8576
8020
8523
8498
8022
8682
8499
8024
8505
8501
8126
8178
8027
8355
8655
8041
8282
8289
8222
8389
8127
8291
8353
8377
8128
8304
8039
8517
8554
8041
8042
8583
8271
8088
8168
8123
8307
8120
8883
8302
8049
8660
8520
8114
8303
8053
9123
9231
9240
8869
8221
8338
8129
8305
8115
8386
8073
8306
8104
8130
8061
8062
8131
8296
8065
8069
8599
8122
8068
8069
8611
8717
8300
8072
8557
8132
8592
8075
8363
8465
8077
8503
8533
8128
8811
8308
8311
8384
8202
8798
9135
8366
8375
8109
8138
8086
8541
8604
8088
8089
8508
8375
8153
8489
8139
8274
8137
8322
8323
8325
8190
8324
8245
8456
8140
8400
8135
8259
8133
8330
8101
8332
8532
8226
8555
8141
8369
8106
8525
8911
8108
8503
8518
8351
8315
8112
8368
8142
8143
8577
8350
8401
8201
8354
8350
8158
8355
8161
8130
8429
8165
8387
8129
8124
8125
8669
8358
8535
8340
8372
8310
8357
8297
8449
8134
8691
8526
8136
8548
8481
8323
8193
8446
8314
8376
8378
8659
8196
8347
8442
8164
8364
8152
8331
8194
8367
8149
8935
8543
8284
8188
8787
8383
8365
8521
8156
8596
8391
8327
8404
8160
8161
8608
8593
8163
8164
8403
8760
8227
8197
8253
8168
8473
8602
8198
8472
8172
8785
8612
8174
8575
8242
8191
8192
8399
8178
8235
8398
8313
8181
8974
8218
8183
8510
8346
8186
8360
8588
8335
8189
8190
8261
8487
8339
8465
8401
8195
8638
8537
8396
8488
8462
8445
8206
8320
9024
9214
8229
8233
8205
8206
8626
8624
8208
8652
8627
8408
8409
8409
8236
8269
8214
8342
8573
8293
8325
8413
8218
8219
8981
8801
8329
8222
8223
8631
8645
8225
8567
8239
8326
8228
8833
8649
8388
8272
8370
8232
8802
8650
8328
8235
8288
8653
8400
8264
8339
8239
8240
8998
8280
8242
8243
8843
8506
8245
8519
8613
8247
8478
8640
8249
8265
8336
8445
8352
8643
8253
8254
8666
8656
8281
8290
8474
8259
8278
8461
8279
8486
8471
8950
8264
8265
8540
9091
8269
8439
8268
8469
8282
8606
8271
8272
8584
8677
8274
8417
8295
8276
8468
8681
8278
8501
8684
8811
8450
8376
8382
8285
8483
8336
8485
8600
8288
8497
8692
8415
8504
8298
8607
8344
8453
8337
8507
8950
8317
8339
8422
8549
8297
8298
8513
8725
8362
8504
8568
8593
8648
8711
8562
8674
8529
8531
8517
8522
8321
8340
8514
8676
8338
8316
8530
8490
8535
8313
8534
8663
8536
8549
8316
8413
8848
8539
8591
8319
8320
8444
8630
8405
8516
8544
8341
8546
8670
8343
8553
8647
8561
8600
8388
8563
8330
8395
8671
8332
8428
8735
8397
8516
8345
8668
8380
8609
8348
8479
8452
8342
8544
8714
8344
8471
8726
8346
8347
8703
8550
8484
8618
8392
8417
8423
8447
8532
8424
8497
8627
8475
8571
8572
8502
8371
8511
8494
8669
8360
8633
8849
8362
8363
8921
8738
8379
8524
8423
8688
8426
8459
8479
8620
8494
8658
8370
8371
8590
8742
8579
8611
8406
8759
8383
8419
8509
8420
8595
8636
8379
8380
8942
8941
8886
8470
8598
8427
8578
8651
8416
8429
8387
8601
8597
8545
8430
8542
8391
8392
8958
8761
8434
8603
8395
8537
8777
8397
8551
8780
8490
8654
8575
8616
8431
8432
8403
8576
8760
8578
8623
8406
8454
8783
8410
8433
8435
8438
8436
8411
8418
8574
8639
8625
8415
8538
8800
8558
8421
8480
8485
8463
8422
8697
8723
8707
8425
8585
8716
8430
8686
8428
8586
8739
8493
8580
8463
8605
8448
8601
8434
8482
8768
8437
8587
8437
8619
8799
8567
8491
8635
8642
8657
8442
8610
8538
8444
8569
8821
8492
8447
8448
9023
8995
8561
8617
8495
8998
8458
8665
8453
8454
8894
8908
8536
8842
8458
9131
9200
9232
9114
8496
8491
8669
8547
8685
8543
8912
8992
8566
8489
8529
8468
8476
8836
8470
8545
8840
8500
8473
8528
8845
8475
8476
8906
9036
8478
8612
8806
8552
8481
8482
8931
9040
8484
8560
8720
8586
8487
8661
8680
8622
8683
8687
8675
8614
8528
8618
8511
8559
8615
8569
8587
8542
8819
8519
8710
8500
8860
8899
8700
8546
8695
8696
8741
8554
8699
8518
8844
8564
8869
8509
8628
8686
8594
8705
8706
8588
8724
8515
8876
8805
8815
8737
8803
8698
8521
8824
8629
8632
8712
8570
8709
8695
8708
8716
8527
8828
9077
8769
8796
8531
8884
8887
8736
8534
8862
8889
9003
8778
8962
8540
8934
9091
8629
8721
8951
8850
9015
8755
8548
8993
8896
8749
8551
8704
9032
8564
8727
8556
8728
8729
8556
8557
8701
8617
8559
8560
8872
9096
8867
8579
8748
8589
8855
8733
8582
8591
8616
8738
8998
8626
8834
8745
8805
8630
8750
8623
8746
8574
8715
8901
8873
8641
8829
8771
8631
8732
8582
8603
8754
8584
8598
8678
8644
8926
8757
8853
8791
8664
8679
8743
8933
8632
8734
8764
8765
8596
8940
8959
8833
8854
8766
8633
8694
8770
8835
8628
8847
8774
8722
8869
8606
8775
8634
8608
9042
8764
8610
8977
8999
8718
8812
8838
9114
8615
8947
8817
8730
8702
8731
8648
8637
8794
8636
8639
8640
8781
8786
8625
8795
8952
8795
8810
8831
8773
8821
8646
9157
8982
8635
8929
8946
9000
8638
9140
8955
8808
8807
8668
8643
8825
8644
8822
8646
8647
8988
8970
8797
8673
8651
9246
9155
8809
8912
8654
8693
8978
8660
8747
8657
8667
9011
8659
8816
8661
8823
8792
8663
8664
8890
8984
8689
8974
8667
8683
8990
8680
8856
8690
8779
8673
8674
8858
9008
8676
8979
8878
8678
8679
8767
9013
8793
8682
8837
9019
8752
8685
8994
9045
8830
8688
8972
8956
8758
9048
8691
8788
8827
8693
8820
9178
8719
8859
8760
8804
8862
8761
8851
8838
8864
8700
8865
8994
8702
9176
8866
8704
8705
9055
8938
8744
8871
8711
8762
8756
8943
8710
8877
8920
8751
8882
9058
9098
9193
8715
8954
9072
8922
8718
8719
8916
9074
8900
9098
8722
9070
8733
8852
8891
8725
8892
9043
8893
8899
8794
8895
8971
9167
8737
8983
8898
8953
8900
8948
8832
8987
9087
9077
8736
8740
8907
8882
8897
8740
8925
9101
8913
8975
8743
8744
8914
9194
8839
8903
8747
8917
8915
8918
9010
8891
9029
8905
9106
8798
8863
8782
8969
9046
9187
8923
8966
8756
8857
9208
8770
8925
8772
9114
8763
8935
8960
8863
8956
8784
8861
8930
8937
8957
8767
8841
9013
8945
9041
8846
8948
9078
8874
8916
8881
8928
8870
8949
8923
8945
8790
8951
8789
9091
8778
8779
8955
8964
8875
9004
8782
8963
9243
8784
8910
9130
8813
8842
8917
9002
8868
8997
8957
8967
8861
8929
8849
8919
8793
8818
8932
8904
8880
8888
8972
8798
8799
8924
8936
8975
8802
8973
9246
8804
9018
9151
8885
8807
8814
8976
8902
9028
8810
8980
8968
8813
8814
9121
9147
8875
8965
8817
8818
8820
8968
9124
8839
8826
8991
8824
8996
8949
8826
9012
9252
8828
9054
9001
9170
8831
8832
9049
9225
8858
8930
9005
8854
9007
8837
9038
9260
8927
9109
8841
9033
9021
8939
8844
8873
9016
8846
8847
9059
9035
8884
8952
9039
8954
8965
8852
9137
9062
8903
8924
9047
8986
9034
8857
9025
9009
9030
9076
9019
9182
9051
9133
9108
8920
9053
8983
9189
8867
9190
9052
9054
9132
9066
9070
8872
9096
8953
8918
9062
9063
8879
9064
8885
9061
8879
9198
9193
9006
9067
9014
9068
9200
9069
9064
8888
9213
9267
8890
9134
8985
8918
8919
9092
8894
9197
8909
9087
9094
8931
9095
8898
8921
9099
9065
9163
8902
9073
9211
9100
9204
8906
9173
9037
9023
9103
8909
8910
9210
8912
8922
8989
9168
9022
9219
8996
9227
9075
9120
9050
9082
8989
8926
9107
9136
9090
8992
8928
9177
9122
9044
9118
9025
9202
8966
9024
8967
9024
8951
9026
9234
8938
9150
9056
9113
9159
9027
9231
8944
8977
8943
8944
9273
9117
8947
9128
9242
9067
9017
9165
9127
9149
9143
8959
8960
9231
9123
9167
9251
8999
9026
8976
9233
8997
9127
9129
9135
9214
9110
8990
9153
8971
8988
9207
8981
9048
8981
9175
9160
9126
8979
9180
9205
9071
9154
9030
9039
9156
8985
8986
9276
9254
8988
9255
9245
9104
8992
9251
9046
9161
9162
9007
9105
9239
9144
9085
9027
9028
9002
9259
9226
9029
9159
9032
9256
9006
9271
9112
9009
9010
9031
9250
9012
9104
9020
9174
9033
9034
9017
9018
9261
9158
9021
9022
9105
9116
9203
9125
9164
9250
9218
9047
9057
9199
9080
9049
9060
9037
9038
9263
9169
9041
9118
9172
9043
9044
9093
9269
9046
9162
9111
9217
9247
9131
9220
9078
9079
9080
9177
9081
9056
9057
9266
9138
9232
9060
9192
9191
9082
9219
9083
9195
9084
9182
9196
9085
9126
9086
9184
9086
9213
9087
9073
9166
9075
9076
9083
9201
9088
9119
9153
9188
9115
9138
9142
9194
9203
9089
9090
9153
9243
9102
9093
9264
9270
9126
9204
9161
9236
9098
9216
9255
9245
9279
9140
9208
9102
9103
9257
9119
9212
9109
9141
9136
9228
9143
9214
9154
9112
9113
9146
9121
9244
9139
9144
9141
9228
9235
9275
9227
9238
9145
9220
9137
9179
9230
9240
9241
9139
9192
9195
9258
9131
9224
9181
9244
9134
9152
9277
9136
9142
9157
9171
9201
9148
9181
9146
9147
9209
9160
9149
9150
9207
9152
9262
9216
9170
9174
9223
9248
9221
9260
9209
9221
9189
9211
9241
9166
9258
9176
9186
9253
9218
9247
9185
9172
9173
9237
9183
9186
9229
9206
9254
9179
9180
9202
9187
9184
9185
9272
9227
9221
9199
9274
9206
9275
9215
9230
9219
9197
9205
9223
9222
9249
9268
9273
9212
9224
9257
9216
9217
9225
9222
9240
9224
9255
9238
9234
9239
9257
9236
9237
9253
9242
9247
9253
9274
9251
9252
9278
9265
9272
9263
9262
9266
9267
9268
9270
9271
9277
9278