1 12 133 122
11 132 133 12
2 13 134 123
12 133 134 13
3 14 135 124
13 134 135 14
4 15 136 125
14 135 136 15
5 16 137 126
15 136 137 16
6 17 138 127
16 137 138 17
7 18 139 128
17 138 139 18
8 19 140 129
18 139 140 19
9 20 141 130
19 140 141 20
20 141 142 21
12 23 144 133
22 143 144 23
13 24 145 134
23 144 145 24
14 25 146 135
24 145 146 25
15 26 147 136
25 146 147 26
16 27 148 137
26 147 148 27
17 28 149 138
27 148 149 28
18 29 150 139
28 149 150 29
19 30 151 140
29 150 151 30
20 31 152 141
30 151 152 31
31 152 153 32
23 34 155 144
33 154 155 34
24 35 156 145
34 155 156 35
25 36 157 146
35 156 157 36
26 37 158 147
36 157 158 37
27 38 159 148
37 158 159 38
28 39 160 149
38 159 160 39
29 40 161 150
39 160 161 40
30 41 162 151
40 161 162 41
31 42 163 152
41 162 163 42
42 163 164 43
34 45 166 155
44 165 166 45
35 46 167 156
45 166 167 46
36 47 168 157
46 167 168 47
37 48 169 158
47 168 169 48
38 49 170 159
48 169 170 49
39 50 171 160
49 170 171 50
40 51 172 161
50 171 172 51
41 52 173 162
51 172 173 52
42 53 174 163
52 173 174 53
53 174 175 54
45 56 177 166
55 176 177 56
46 57 178 167
56 177 178 57
47 58 179 168
57 178 179 58
48 59 180 169
58 179 180 59
49 60 181 170
59 180 181 60
50 61 182 171
60 181 182 61
51 62 183 172
61 182 183 62
52 63 184 173
62 183 184 63
53 64 185 174
63 184 185 64
64 185 186 65
56 67 188 177
66 187 188 67
57 68 189 178
67 188 189 68
58 69 190 179
68 189 190 69
59 70 191 180
69 190 191 70
60 71 192 181
70 191 192 71
61 72 193 182
71 192 193 72
62 73 194 183
72 193 194 73
63 74 195 184
73 194 195 74
64 75 196 185
74 195 196 75
75 196 197 76
67 78 199 188
77 198 199 78
68 79 200 189
78 199 200 79
69 80 201 190
79 200 201 80
70 81 202 191
80 201 202 81
71 82 203 192
81 202 203 82
72 83 204 193
82 203 204 83
73 84 205 194
83 204 205 84
74 85 206 195
84 205 206 85
75 86 207 196
85 206 207 86
86 207 208 87
78 89 210 199
88 209 210 89
79 90 211 200
89 210 211 90
80 91 212 201
90 211 212 91
81 92 213 202
91 212 213 92
82 93 214 203
92 213 214 93
83 94 215 204
93 214 215 94
84 95 216 205
94 215 216 95
85 96 217 206
95 216 217 96
86 97 218 207
96 217 218 97
97 218 219 98
89 100 221 210
99 220 221 100
90 101 222 211
100 221 222 101
91 102 223 212
101 222 223 102
92 103 224 213
102 223 224 103
93 104 225 214
103 224 225 104
94 105 226 215
104 225 226 105
95 106 227 216
105 226 227 106
96 107 228 217
106 227 228 107
97 108 229 218
107 228 229 108
108 229 230 109
100 111 232 221
101 112 233 222
102 113 234 223
103 114 235 224
104 115 236 225
105 116 237 226
106 117 238 227
107 118 239 228
108 119 240 229
0 1 122 121
1 2 123 122
2 3 124 123
3 4 125 124
4 5 126 125
5 6 127 126
6 7 128 127
7 8 129 128
8 9 130 129
9 10 131 130
110 231 232 111
111 232 233 112
112 233 234 113
113 234 235 114
114 235 236 115
115 236 237 116
116 237 238 117
117 238 239 118
118 239 240 119
119 240 241 120
0 121 132 11
11 132 143 22
22 143 154 33
33 154 165 44
44 165 176 55
55 176 187 66
66 187 198 77
77 198 209 88
88 209 220 99
99 220 231 110
10 21 142 131
21 32 153 142
32 43 164 153
43 54 175 164
54 65 186 175
65 76 197 186
76 87 208 197
87 98 219 208
98 109 230 219
109 120 241 230
0 11 12 1
11 22 23 12
22 33 34 23
33 44 45 34
44 55 56 45
55 66 67 56
66 77 78 67
77 88 89 78
88 99 100 89
99 110 111 100
1 12 13 2
12 23 24 13
23 34 35 24
34 45 46 35
45 56 57 46
56 67 68 57
67 78 79 68
78 89 90 79
89 100 101 90
100 111 112 101
2 13 14 3
13 24 25 14
24 35 36 25
35 46 47 36
46 57 58 47
57 68 69 58
68 79 80 69
79 90 91 80
90 101 102 91
101 112 113 102
3 14 15 4
14 25 26 15
25 36 37 26
36 47 48 37
47 58 59 48
58 69 70 59
69 80 81 70
80 91 92 81
91 102 103 92
102 113 114 103
4 15 16 5
15 26 27 16
26 37 38 27
37 48 49 38
48 59 60 49
59 70 71 60
70 81 82 71
81 92 93 82
92 103 104 93
103 114 115 104
5 16 17 6
16 27 28 17
27 38 39 28
38 49 50 39
49 60 61 50
60 71 72 61
71 82 83 72
82 93 94 83
93 104 105 94
104 115 116 105
6 17 18 7
17 28 29 18
28 39 40 29
39 50 51 40
50 61 62 51
61 72 73 62
72 83 84 73
83 94 95 84
94 105 106 95
105 116 117 106
7 18 19 8
18 29 30 19
29 40 41 30
40 51 52 41
51 62 63 52
62 73 74 63
73 84 85 74
84 95 96 85
95 106 107 96
106 117 118 107
8 19 20 9
19 30 31 20
30 41 42 31
41 52 53 42
52 63 64 53
63 74 75 64
74 85 86 75
85 96 97 86
96 107 108 97
107 118 119 108
9 20 21 10
20 31 32 21
31 42 43 32
42 53 54 43
53 64 65 54
64 75 76 65
75 86 87 76
86 97 98 87
97 108 109 98
108 119 120 109
121 122 133 132
132 133 144 143
143 144 155 154
154 155 166 165
165 166 177 176
176 177 188 187
187 188 199 198
198 199 210 209
209 210 221 220
220 221 232 231
122 123 134 133
133 134 145 144
144 145 156 155
155 156 167 166
166 167 178 177
177 178 189 188
188 189 200 199
199 200 211 210
210 211 222 221
221 222 233 232
123 124 135 134
134 135 146 145
145 146 157 156
156 157 168 167
167 168 179 178
178 179 190 189
189 190 201 200
200 201 212 211
211 212 223 222
222 223 234 233
124 125 136 135
135 136 147 146
146 147 158 157
157 158 169 168
168 169 180 179
179 180 191 190
190 191 202 201
201 202 213 212
212 213 224 223
223 224 235 234
125 126 137 136
136 137 148 147
147 148 159 158
158 159 170 169
169 170 181 180
180 181 192 191
191 192 203 202
202 203 214 213
213 214 225 224
224 225 236 235
126 127 138 137
137 138 149 148
148 149 160 159
159 160 171 170
170 171 182 181
181 182 193 192
192 193 204 203
203 204 215 214
214 215 226 225
225 226 237 236
127 128 139 138
138 139 150 149
149 150 161 160
160 161 172 171
171 172 183 182
182 183 194 193
193 194 205 204
204 205 216 215
215 216 227 226
226 227 238 237
128 129 140 139
139 140 151 150
150 151 162 161
161 162 173 172
172 173 184 183
183 184 195 194
194 195 206 205
205 206 217 216
216 217 228 227
227 228 239 238
129 130 141 140
140 141 152 151
151 152 163 162
162 163 174 173
173 174 185 184
184 185 196 195
195 196 207 206
206 207 218 217
217 218 229 228
228 229 240 239
130 131 142 141
141 142 153 152
152 153 164 163
163 164 175 174
174 175 186 185
185 186 197 196
196 197 208 207
207 208 219 218
218 219 230 229
229 230 241 240