308.51857031418433
334.55335593418715
355.356118604032
345.5211525047421
377.00465853662297
366.37340058523705
398.8621883964241
388.0668229692659
420.87459829037823
409.97144102762985
443.09394668374085
432.05920545437846
465.5887572967293
454.3874328537879
488.4477357693236
477.03296350388183
511.7688992977668
500.09207234096635
535.6427818225175
523.6595862864709
560.1475071899839
547.813707443268
585.3416785172681
572.6103410429989
611.2574231653397
598.0748700791152
637.8992874658238
624.1985953108164
665.2528530677495
650.9499078850444
693.2828916645927
678.292001089609
721.8111479186736
706.1109851116621
750.5202246756129
734.1285005883366
779.0099158848071
789.3989785655195
761.9993897565552
306.7079691693694
306.1908515818228
306.4221273164805
306.4587791116638
306.3709171136333
306.3350067877761
306.2951299816377
306.28968917684347
306.52404692494383
308.7328058763211
332.7041990439513
377.6301406255107
422.45399394064117
467.92735901038634
514.8441434188314
564.0407829769624
616.0970510366556
670.9790007542915
726.3923974990508
788.3317067183017
790.4665529487854
781.5605512343037
791.0810300007196
783.1223926563129
791.3657626697594
783.9918362324831
791.4394828390999
784.3242809419429
791.4279457378364
784.3531414291461
791.3970118240474
784.2584223366315
791.4135902518814
784.1996135304186
791.4699734524713
784.2452308468613
791.5427148571711
784.3618149114346
791.6271959843795
784.5086037773679
791.7375171594101
784.6782075537966
791.8939856767358
784.890465202114
792.0724851867836
785.1321285229126
792.2243609773984
785.3121882758652
792.4478317182377
785.470062709616
791.9296336940426
784.9065949018419
790.0006345915114
782.2848488560658
786.6331051901611
776.7684185262375
777.3877971228061
317.97825851708586
757.857293422451
306.58740893001084
306.216129461764
306.4877902533386
306.40681920343604
306.34977098182236
306.31697745212324
306.27838127757394
306.32757473833334
312.63605035285514
306.40690922052823
343.212540740042
355.17306424911646
743.3388765815648
366.07238038549355
399.99282179004877
445.0673570718321
491.15209666229356
539.1179111481653
589.6900994628696
643.2720384332348
698.2484308840498
312.94545874073026
313.12238557644565
312.7780783851025
314.7466662052081
312.9082744833167
312.86549696811585
312.72118366129035
312.6523973728801
312.57289529953243
312.609549798905
312.794453385212
388.70208936305
433.78787518956403
479.5518396833927
526.9828420146653
577.0088432248486
630.2821126677044
685.2839782826396
312.6853044922803
312.6121631563012
312.56614221589376
312.8156656713506
551.6262259945145
603.2109819099309
658.0633567491913
712.434931108928
312.7477316326532
312.39743202557406
502.993217284531
456.52695184793873
411.20553906738695
326.5097743684511
325.9317465579051
366.60886316080257
388.39956765014944
377.5859834716078
410.2499602816092
399.48675211952764
432.27687671813186
421.3898167253092
454.54508616334016
443.49513809553537
477.1303886797428
465.8773160288901
500.1453638121905
488.640196563423
523.6777348712818
511.89054203819006
547.78993944812
535.6954277764272
572.5144527255712
560.0935411302685
597.8393419424546
585.0828365402649
623.6992966973628
610.6014330137649
649.996293656819
636.5282326925926
676.6497778518069
662.7313378411606
703.5583463176359
689.1441672770625
730.2473334339226
715.4821858693123
756.2326023985571
766.0465479245128
741.1474036242486
503.03849281799467
324.5125983188291
388.61549836794444
325.72307728594484
327.0713224692121
325.4366375398569
325.3159991770763
325.1343954613415
325.2002647199433
326.24680255966865
551.7389290623796
325.3912048437209
331.08284026547733
332.1988405907814
316.68118753771125
742.1070023630059
756.9748858065669
332.70984240732133
479.6329599270431
491.31380374422224
527.031580712435
539.3299949584698
456.666497769423
468.17615989416714
603.8704304898982
660.4240156414453
708.0218770524676
720.546235448052
325.376614752524
331.69136641048846
325.16453411595063
330.7097650159049
325.9210355555633
332.29279257353187
325.5399995593864
331.8494935466676
768.7446828778388
760.1204188840788
770.2339030557554
762.5040663121321
770.7305636674492
763.5222904334471
770.6853581376795
763.6603785082511
770.3930430072379
763.3561976313123
770.2368887190881
763.0462615335896
770.3227690534076
763.0367163979356
770.5516114262495
763.2679805519947
770.8264179319384
763.5930758287795
771.1129784054912
763.9336642551807
771.4375655513592
764.2969356432026
771.801379309616
764.7334572653297
771.9282243567746
765.0334200239942
771.6205121300526
764.7602958766192
771.1179245657263
764.6853764966929
344.75130088376767
365.79673683856646
377.28359530995743
433.9691741629242
445.40892014679633
330.0372183434555
332.4855439525547
354.84202788071997
514.9745020211566
332.9943303307436
332.0276067174138
325.23090516813306
325.1053651688593
325.435397555029
341.8342886500271
411.3331222162035
577.3085985417144
631.5559366882014
690.4224242332167
765.2195282477767
353.51110005665055
331.7578779795823
564.4985548735855
331.5356715793786
331.3781509317131
331.60061468736194
646.9077794596748
590.6918324858065
332.6473982715867
331.4186012948649
331.47592688218856
422.7776355506097
400.04652319430176
618.0622823103932
678.6044695206366
399.9545587396791
421.7315378891227
411.0782394339982
443.7374488749546
432.88451967583484
466.0078133620489
454.9478676080738
488.7177218095418
477.37567943598384
511.94514471118407
500.32350784501403
535.7342857150211
523.8254255181921
560.1085593452326
547.9054096942516
585.0475768541261
572.5623629983712
610.4512594177612
597.7288492703351
636.1233538982871
623.2287657257721
661.8195476907969
648.7775695408614
687.3707061352175
674.0643544214336
712.7373276793055
699.0980542678155
736.7370947846351
746.1291151855713
723.230324182151
717.0953160379129
400.50335550777925
648.1864727249185
760.7426312120699
344.80979783445855
344.26979123323815
343.8642419192721
344.4701378257996
751.9851448004137
618.7179378219845
633.5570530390754
514.9161166903991
491.3198422635155
503.03163752781455
344.1544238493059
468.28688534855644
479.7832570432824
681.0864119003306
590.9127368570477
604.7993691996055
344.3988478197117
350.6961206950073
341.833266793469
345.2110247838545
351.42735355250034
344.56901313894895
350.87145607417403
345.76170563501654
355.5619713551976
349.07281404162256
749.0235793777426
740.9579523377785
750.0596156317263
742.8150395616211
750.09287711683
743.1834978516971
749.4453692351227
742.6461338292818
749.0025132677786
741.9100586343764
749.0736111815925
741.7617978207533
749.4524228107052
742.1034398919406
749.9250038612103
742.6302407490781
750.3769355163633
743.1614566612661
750.8091977915892
743.6380886313362
751.3397718372388
744.1632658218448
751.8709745585702
744.9328459824885
750.9947771721672
744.6676132508303
377.2122189761938
389.00682973727265
445.66783370462076
457.06136206435025
345.6188891925449
351.9774317956152
564.504300448363
577.5834079165403
733.4639744544421
698.5478929131144
350.7997485010081
350.0700843411942
343.89830845117785
745.7950807164328
344.75251958268046
351.04464142005355
423.2296172027873
344.0656522731623
350.2125186821277
350.4932915012157
664.3541031776059
526.9411754626414
539.2941042785926
378.24958314866933
350.1757119243454
389.5451564190133
412.25494061115523
348.28946183719614
343.74229476811894
551.7457062960967
748.9735296355602
354.0590617323198
345.4913960596379
351.3458184935389
352.3584738313822
350.3098778314925
366.25168513853896
434.6986501158745
368.0192671032818
604.7834562735447
479.7936430113915
433.2697867947953
455.07991140402976
444.28441681071615
477.4490566323967
466.24333004916946
500.3924743707136
488.901584642558
523.8994493241893
512.1382715371195
547.9828409499081
535.9432166572213
572.6416988743229
560.3288206830815
597.8057033924051
585.2721215988823
623.2694497391437
610.6436050231209
648.6580051985273
636.1355682446683
673.484514079781
661.2412617947185
697.2188691895353
685.035661683324
719.3245755776899
727.8408676522199
706.9772432101207
369.3288873080403
360.12021348899043
363.2313019245491
390.41221220307153
380.3990930991923
363.7649931817784
664.9314611226179
363.16944199875854
731.582998086414
551.5270642325929
633.9067194876862
619.1171242260959
649.168024083002
526.7861558095049
538.9279187014055
435.1946694715066
362.68741461203484
363.5569103689451
411.6563849608292
422.71542448853984
401.4230347469528
363.447997850212
369.7045935401547
413.33530189130823
424.8229370722477
362.360833318966
368.55825481381413
363.59269510341437
369.9554952618143
369.6369648552191
697.9445026288751
729.3288887433699
722.0563484536925
729.8254591853987
722.8752319137146
728.5972071312758
722.2454550985697
727.5996085672197
720.6661253793006
727.6007720898316
720.2048496549086
728.1466636901304
720.6645589996695
728.8723685884695
721.4430701454542
729.5663667371642
722.266337526258
730.1003002390564
722.9287426714318
730.591599032419
723.4030343731748
731.4710702739425
724.0812654625697
732.107673772454
725.7897184129192
390.7409622742826
381.9597337607275
403.32924192192814
457.2176863834187
468.4832931668767
365.03478120158206
577.410172054363
590.774886566807
364.2369853144699
370.3453570526586
502.9280844097476
491.2628133966237
359.66277993828
681.0463834623331
370.0151921106131
514.6881972633539
741.765685322405
446.33989808568435
714.7986913391809
362.7274541551276
371.08616269547736
564.1693018537403
369.9140147817289
368.67210011777183
369.2643070229181
365.8648732912692
372.1966306366214
726.3866546240844
713.1359770383451
491.133938171451
365.502274780981
373.16187883956195
466.18342842689736
488.9387888315393
477.4641575394395
512.2203853626715
500.5580891760549
536.0474280342243
524.1396428566858
560.4554976857573
548.272993861156
585.4348662147366
572.9949895353325
610.8951489188061
598.2843361690487
636.554205733077
624.005723331083
661.9042274217821
649.8282137223022
686.6240034074639
675.8038761511382
681.1761054608371
382.53174165233133
369.29134613267354
383.96389875193154
382.7194184243678
446.40944871572174
538.5378620298465
514.4375726208841
526.2006091561641
468.4689867017978
479.68536021896284
425.3897768756403
435.8297120927319
380.4051943566559
386.8368456412768
710.2240088228074
708.0798297253191
702.6971763593966
705.8246233533404
699.2806502281076
705.6843196714821
698.0808511095954
706.4230536325193
698.7189404071355
707.4438941664923
699.7654515529698
708.5439227255043
700.9982678023207
709.3969061721759
702.1423592821687
709.7526628657987
702.7197733218461
710.21328417963
702.8568992073244
712.4861849963014
704.164850031614
590.1191590466477
563.6618546633879
576.3076316307613
382.7857960365409
389.15737684773126
381.04907199991686
386.59197854491106
383.0478622689084
389.1810517533393
502.58989379115076
454.92812452379235
444.1922747427008
696.5017319146713
665.187179529955
380.8665737498214
389.82664627668777
550.6782832609435
457.29688534846053
381.9419332307273
389.10275144335407
382.7589256355195
388.68644079515377
701.7504030545703
649.3449367312132
707.2339444043818
385.51582143503276
391.2447156239261
389.23957207670435
603.5016056606875
618.469048981676
405.34938841284134
397.7108737981358
415.92409146712447
696.9998637447933
433.882972070376
423.4209731181639
392.4649193711989
387.7993870947867
402.98355735330546
395.95268761870597
387.39719566451214
722.652822447851
402.2441997763625
500.6174099051056
524.2430099130045
512.439043218832
548.4137454140862
536.3430719988476
573.1738063171651
560.8375448672411
598.4998391045845
585.8932597713613
624.4042547695951
611.5658729449898
650.615453056166
637.7830761759192
676.7793907376287
688.6962241363948
663.7496395596877
700.3574326323552
400.5134004529778
575.2062543688553
413.9564358707769
684.9246181234116
689.7420167070375
402.524676457086
689.4179766841147
525.7045765166464
401.89508495027974
408.5620282400577
502.2632434695645
513.6645334794948
549.9557569366224
561.8986418155481
454.46238293873785
477.4264540008976
465.70051358172987
710.0913908701053
479.523158536658
490.68675928534833
434.9358325137109
633.4648863370135
401.551128728737
407.54066557188037
683.3609759311253
683.0690286991451
674.9280602701507
684.0699098527973
676.0579795148315
685.3841982690183
677.3729367580491
686.8789350241912
678.9013631411664
688.5881135937889
680.8422134187376
689.2393217285831
682.3062843482912
688.7201902251312
681.4738616617673
682.0086220749087
457.2487984847731
468.2956566045792
402.24395806811884
408.8952461191732
408.4971499926842
398.78603828680843
405.9960098444647
403.48056443278745
401.8106218253638
408.1551911952365
668.4105747283276
488.99833658910865
537.375746305371
445.48410668021165
587.3848710820321
601.8535359799829
418.93746347575103
411.5269002732371
408.38681383256073
678.616112662389
658.2723311934161
393.447301051361
630.7778349005897
614.162412156682
642.1600257888222
404.2397598416676
409.6753364457632
414.69777829471377
423.281194101569
419.22551708150263
421.5513123542949
431.71316194825135
420.86813448995395
427.6191626968848
536.4657494071309
561.0653185787091
548.8286306022566
586.1140728817237
573.690065225203
611.6574560825019
598.8813699284515
637.997919741534
624.7716648710295
416.638932965715
468.1752383059011
666.5485551324389
446.3218286007756
457.9519410371841
407.1575403167195
513.0887984037334
560.717230798824
441.492756031528
465.829282758082
536.6025444495965
548.0696380394428
659.573233686051
490.25590685181004
501.3045876584916
420.13679080821413
660.8621120412713
652.5670612048309
662.5840630647423
654.1145227385488
664.2433019970381
655.9504591413352
666.5403744677698
657.9357180459925
669.4758355279241
661.5404316502195
420.8399218604358
427.0015650150661
489.01974149564467
477.6158368646593
441.3501623270327
454.4573819798103
430.4140303393383
428.71833762627875
422.37472644082044
524.4286663537417
512.4928661239192
664.6667465499353
422.4648159521338
427.7671740528922
412.2404200657597
659.557127551515
572.1900801901762
585.5445301973622
524.4117460228267
500.72488451839155
651.8081698536336
649.5125911868024
636.0764016008136
645.210991673536
479.00328269977274
662.2452820520042
667.916816578266
426.35654764576645
421.86167722566984
429.1056394832037
427.51759845165407
440.3980107712926
574.0833548313993
599.2643240674322
586.9670112285262
624.0907867327377
635.0590987014921
611.4680652723806
438.1293954107962
636.1126867061264
628.5347997707034
425.29968030264916
433.9834631193278
430.1326984745706
500.5432779659493
523.684564401129
500.62011329324463
511.73319438667636
610.8929693696183
596.780692057537
621.5452500068345
478.03289654840677
488.65238565801764
524.4627573597658
512.3497452768028
639.0460714375076
629.3917491498547
640.9025787068008
632.4931100004405
642.998642077477
634.2363743537904
647.7591378470495
637.7544319621041
439.77507913465536
446.43958154048016
549.1051859593141
536.8140270304923
444.92808144504136
440.5681217334864
456.7695620764475
639.3267537839474
455.4229624985259
445.9899819490073
561.794448276043
439.5642166281794
445.44158972715525
570.6985373650215
447.63620288826917
442.02049178042523
466.07474076902236
648.2922340668093
547.0781738478441
558.2916215960655
534.9416993959842
477.43225793742675
488.70236393941144
466.7062521732513
562.3781588501543
463.48754456587534
613.8394626029469
581.6588147426896
594.3777751352148
487.8827347199065
464.45134754128344
534.3055759260357
449.8872605586817
444.07528664899274
512.1484946983314
614.8220920405973
511.259416385536
522.6345731904782
617.0850462126429
609.0901868223762
619.0419506034987
610.3387034643366
622.0710583342105
612.155508210536
459.8692826348814
537.0445292206812
524.5374641021887
587.7485900582026
575.5140844277907
487.8010239980812
499.48028930603647
474.24306956576794
549.9562462931949
450.63622270045795
602.456654912609
451.5321720230237
499.4226508081248
580.3641624806563
626.1003844738366
617.4055903143511
474.70347895654004
603.0638073323155
557.197563833559
568.3326690432075
466.0232589520472
459.8349987591804
545.3969945263879
458.12036159806104
550.3590075079012
617.5466814238938
544.9250710062489
444.4181771700635
465.87098505658753
593.085863368478
499.6783729894593
594.6517709897194
585.4587274413544
597.2000634029426
588.4850796985811
464.6118008570934
468.2133534800719
475.2962607047442
522.7650874217644
511.7054357227136
534.0557913102647
588.925012435369
480.8615473438616
588.9921613435199
563.3604058598747
555.2255387199422
566.7454515987832
448.431520277908
575.6574788241002
460.4208360580142
472.26764976676355
576.0992320179794
525.3733230260062
485.06106723744784
479.49013295109444
488.3943767561705
480.93447417097326
488.75735843722987
538.3343551771685
498.6678929401142
512.1729626655782
604.5880987050884
592.1784910272838
568.0480096909629
558.8312125445567
514.5933365099607
490.86116496304567
573.7094543572895
568.9853666312663
562.491453519679
542.4500694415349
556.3366846840012
546.6126601891536
534.6910763092346
548.2430582958252
532.045531154736
503.5412914653839
502.90716810426926
509.10092343642225
512.7809326701704
603.8538337152647
524.4854037867785
534.8627062849638
523.1610210872428