4 512 533 23
5 514 592 80
4 80 592 512
5 81 593 514
6 515 593 81
80 81 593 592
6 82 594 515
7 516 594 82
81 82 594 593
7 83 595 516
8 517 595 83
82 83 595 594
8 84 596 517
9 518 596 84
83 84 596 595
9 85 597 518
10 519 597 85
84 85 597 596
10 86 598 519
11 520 598 86
85 86 598 597
11 87 599 520
12 521 599 87
86 87 599 598
12 88 600 521
13 522 600 88
87 88 600 599
13 89 601 522
14 523 601 89
88 89 601 600
14 90 602 523
15 524 602 90
89 90 602 601
15 91 603 524
16 525 603 91
90 91 603 602
16 92 604 525
17 526 604 92
91 92 604 603
17 93 605 526
18 527 605 93
92 93 605 604
18 94 606 527
19 528 606 94
93 94 606 605
19 95 607 528
20 529 607 95
94 95 607 606
20 96 608 529
21 530 608 96
95 96 608 607
21 97 609 530
22 531 609 97
96 97 609 608
2 532 610 98
22 98 610 531
61 573 610 98
97 98 610 609
24 99 611 534
23 533 611 99
25 535 612 100
26 100 612 536
27 537 613 101
28 101 613 538
29 539 614 102
30 102 614 540
31 541 615 103
32 103 615 542
34 104 616 544
33 543 616 104
36 105 617 546
35 545 617 105
38 106 618 548
37 547 618 106
40 107 619 550
39 549 619 107
41 551 553 42
42 553 620 108
43 108 620 554
44 555 621 109
45 109 621 556
47 110 622 558
46 557 622 110
49 111 623 560
48 559 623 111
51 112 624 562
50 561 624 112
53 113 625 564
52 563 625 113
55 114 626 566
54 565 626 114
57 115 627 568
56 567 627 115
59 116 628 570
58 569 628 116
60 571 591 79
61 117 629 573
62 574 629 117
98 117 629 610
62 118 630 574
63 575 630 118
117 118 630 629
63 119 631 575
64 576 631 119
118 119 631 630
64 120 632 576
65 577 632 120
119 120 632 631
65 121 633 577
66 578 633 121
120 121 633 632
66 122 634 578
67 579 634 122
121 122 634 633
67 123 635 579
68 580 635 123
122 123 635 634
68 124 636 580
69 581 636 124
123 124 636 635
69 125 637 581
70 582 637 125
124 125 637 636
70 126 638 582
71 583 638 126
125 126 638 637
71 127 639 583
72 584 639 127
126 127 639 638
72 128 640 584
73 585 640 128
127 128 640 639
73 129 641 585
74 586 641 129
128 129 641 640
74 130 642 586
75 587 642 130
129 130 642 641
75 131 643 587
76 588 643 131
130 131 643 642
76 132 644 588
77 589 644 132
131 132 644 643
77 133 645 589
78 590 645 133
132 133 645 644
79 591 646 134
78 134 646 590
60 571 646 134
133 134 646 645
41 551 620 108
134 59 570 646
24 534 647 135
25 135 647 535
27 136 648 537
26 536 648 136
29 137 649 539
28 538 649 137
31 138 650 541
30 540 650 138
32 542 651 139
33 139 651 543
34 544 652 140
35 140 652 545
36 546 653 141
37 141 653 547
38 548 654 142
39 142 654 549
136 648 613 101
40 550 655 143
41 143 655 551
43 144 656 554
108 620 656 144
44 144 656 555
134 116 628 646
109 144 656 621
45 556 657 145
46 145 657 557
47 558 658 146
48 146 658 559
49 560 659 147
50 147 659 561
51 562 660 148
52 148 660 563
53 564 661 149
54 149 661 565
55 566 662 150
56 150 662 567
57 568 663 151
58 151 663 569
137 649 614 102
135 99 611 647
138 650 615 103
4 512 611 99
101 613 649 137
102 614 650 138
103 615 651 139
104 616 652 140
105 617 653 141
106 618 654 142
107 619 655 143
109 621 657 145
110 622 658 146
111 623 659 147
112 624 660 148
113 625 661 149
114 626 662 150
115 627 663 151
139 651 616 104
140 652 617 105
141 653 618 106
142 654 619 107
148 660 625 113
149 661 626 114
150 662 627 115
151 663 628 116
135 647 612 100
136 100 612 648
147 659 624 112
146 658 623 111
145 657 622 110
80 592 611 99
101 613 664 152
137 152 664 649
82 594 665 153
81 153 665 593
82 154 666 594
83 595 666 154
153 154 666 665
83 155 667 595
84 596 667 155
154 155 667 666
84 156 668 596
85 597 668 156
155 156 668 667
85 157 669 597
86 598 669 157
156 157 669 668
86 158 670 598
87 599 670 158
157 158 670 669
87 159 671 599
88 600 671 159
158 159 671 670
88 160 672 600
89 601 672 160
159 160 672 671
89 161 673 601
90 602 673 161
160 161 673 672
90 162 674 602
91 603 674 162
161 162 674 673
91 163 675 603
92 604 675 163
162 163 675 674
92 164 676 604
93 605 676 164
163 164 676 675
93 165 677 605
94 606 677 165
164 165 677 676
94 166 678 606
95 607 678 166
165 166 678 677
95 167 679 607
96 608 679 167
166 167 679 678
96 168 680 608
97 609 680 168
167 168 680 679
98 610 681 169
97 169 681 609
117 629 681 169
168 169 681 680
147 659 682 170
112 170 682 624
136 171 683 648
100 612 683 171
109 621 684 172
145 172 684 657
102 614 685 173
138 173 685 650
99 611 686 174
135 174 686 647
103 615 687 175
139 175 687 651
104 616 688 176
140 176 688 652
141 177 689 653
105 617 689 177
142 178 690 654
106 618 690 178
143 179 691 655
107 619 691 179
148 660 692 180
113 180 692 625
136 648 693 181
101 181 693 613
171 683 693 181
152 181 693 664
143 655 620 108
134 182 694 646
116 628 694 182
133 182 694 645
80 592 686 174
147 183 695 659
111 623 695 183
170 183 695 682
148 184 696 660
112 624 696 184
180 184 696 692
111 185 697 623
146 658 697 185
183 185 697 695
149 661 698 186
114 186 698 626
150 662 699 187
115 187 699 627
116 188 700 628
151 663 700 188
182 188 700 694
104 189 701 616
139 651 701 189
176 189 701 688
100 190 702 612
135 647 702 190
171 190 702 683
102 191 703 614
137 649 703 191
173 191 703 685
103 192 704 615
138 650 704 192
175 192 704 687
117 193 705 629
118 630 705 193
169 193 705 681
118 194 706 630
119 631 706 194
193 194 706 705
119 195 707 631
120 632 707 195
194 195 707 706
120 196 708 632
121 633 708 196
195 196 708 707
121 197 709 633
122 634 709 197
196 197 709 708
122 198 710 634
123 635 710 198
197 198 710 709
123 199 711 635
124 636 711 199
198 199 711 710
124 200 712 636
125 637 712 200
199 200 712 711
125 201 713 637
126 638 713 201
200 201 713 712
126 202 714 638
127 639 714 202
201 202 714 713
127 203 715 639
128 640 715 203
202 203 715 714
128 204 716 640
129 641 716 204
203 204 716 715
129 205 717 641
130 642 717 205
204 205 717 716
130 206 718 642
131 643 718 206
205 206 718 717
131 207 719 643
132 644 719 207
206 207 719 718
81 593 686 174
109 208 720 621
144 656 720 208
172 208 720 684
146 209 721 658
110 622 721 209
185 209 721 697
108 179 691 620
152 664 703 191
174 153 665 686
184 170 682 696
174 686 702 190
173 685 704 192
140 652 722 210
105 210 722 617
141 653 723 211
106 211 723 618
142 654 724 212
107 212 724 619
179 691 656 144
110 213 725 622
145 657 725 213
113 625 726 214
149 214 726 661
150 215 727 662
114 626 727 215
188 115 627 700
132 216 728 644
133 645 728 216
208 179 691 720
189 175 687 701
180 692 726 214
178 690 724 212
177 689 723 211
176 688 722 210
215 727 699 187
214 726 698 186
212 724 691 179
211 723 690 178
210 722 689 177
213 725 721 209
213 172 684 725
215 186 698 727
188 187 699 700
155 667 729 217
154 217 729 666
155 218 730 667
156 668 730 218
217 218 730 729
156 219 731 668
157 669 731 219
218 219 731 730
157 220 732 669
158 670 732 220
219 220 732 731
158 221 733 670
159 671 733 221
220 221 733 732
159 222 734 671
160 672 734 222
221 222 734 733
160 223 735 672
161 673 735 223
222 223 735 734
161 224 736 673
162 674 736 224
223 224 736 735
162 225 737 674
163 675 737 225
224 225 737 736
163 226 738 675
164 676 738 226
225 226 738 737
164 227 739 676
165 677 739 227
226 227 739 738
165 228 740 677
166 678 740 228
227 228 740 739
166 229 741 678
167 679 741 229
228 229 741 740
167 230 742 679
168 680 742 230
229 230 742 741
169 681 743 231
168 231 743 680
193 705 743 231
230 231 743 742
182 232 744 694
188 700 744 232
172 684 745 233
213 233 745 725
215 727 746 234
187 234 746 699
207 216 728 719
173 685 747 235
192 235 747 704
176 688 748 236
210 236 748 722
211 237 749 723
177 689 749 237
175 687 750 238
189 238 750 701
182 694 728 216
215 239 751 727
186 698 751 239
234 239 751 746
170 682 752 240
184 240 752 696
170 241 753 682
183 695 753 241
240 241 753 752
212 242 754 724
178 690 754 242
183 243 755 695
185 697 755 243
241 243 755 753
188 244 756 700
187 699 756 244
186 245 757 698
214 726 757 245
239 245 757 751
176 246 758 688
189 701 758 246
236 246 758 748
190 702 759 247
171 247 759 683
173 248 760 685
191 703 760 248
235 248 760 747
175 249 761 687
192 704 761 249
238 249 761 750
174 686 762 250
190 250 762 702
153 665 762 250
247 250 762 759
193 251 763 705
194 706 763 251
231 251 763 743
194 252 764 706
195 707 764 252
251 252 764 763
195 253 765 707
196 708 765 253
252 253 765 764
196 254 766 708
197 709 766 254
253 254 766 765
197 255 767 709
198 710 767 255
254 255 767 766
198 256 768 710
199 711 768 256
255 256 768 767
199 257 769 711
200 712 769 257
256 257 769 768
200 258 770 712
201 713 770 258
257 258 770 769
201 259 771 713
202 714 771 259
258 259 771 770
202 260 772 714
203 715 772 260
259 260 772 771
203 261 773 715
204 716 773 261
260 261 773 772
204 262 774 716
205 717 774 262
261 262 774 773
205 263 775 717
206 718 775 263
262 263 775 774
172 264 776 684
208 720 776 264
233 264 776 745
185 265 777 697
209 721 777 265
243 265 777 755
191 266 778 703
152 664 778 266
248 266 778 760
214 267 779 726
180 692 779 267
245 267 779 757
216 232 744 728
232 244 756 744
238 750 758 246
211 268 780 723
237 749 780 268
178 268 780 690
207 269 781 719
216 728 781 269
212 724 782 270
179 270 782 691
235 747 761 249
213 725 783 271
209 271 783 721
177 272 784 689
210 722 784 272
272 784 749 237
236 748 784 272
234 746 756 244
184 273 785 696
240 752 785 273
180 273 785 692
154 666 786 274
153 274 786 665
242 754 782 270
274 217 729 786
271 233 745 783
171 275 787 683
247 759 787 275
181 275 787 693
267 273 785 779
206 269 781 718
208 270 782 720
181 693 788 276
152 276 788 664
275 787 788 276
266 276 788 778
268 780 754 242
270 782 776 264
271 783 777 265
274 786 762 250
239 277 789 751
245 757 789 277
243 755 790 278
241 278 790 753
219 731 791 279
218 279 791 730
219 280 792 731
220 732 792 280
279 280 792 791
220 281 793 732
221 733 793 281
280 281 793 792
221 282 794 733
222 734 794 282
281 282 794 793
222 283 795 734
223 735 795 283
282 283 795 794
223 284 796 735
224 736 796 284
283 284 796 795
224 285 797 736
225 737 797 285
284 285 797 796
225 286 798 737
226 738 798 286
285 286 798 797
226 287 799 738
227 739 799 287
286 287 799 798
227 288 800 739
228 740 800 288
287 288 800 799
228 289 801 740
229 741 801 289
288 289 801 800
229 290 802 741
230 742 802 290
289 290 802 801
231 743 803 291
230 291 803 742
251 763 803 291
290 291 803 802
250 292 804 762
274 786 804 292
247 292 804 759
264 242 754 776
274 293 805 786
217 729 805 293
292 293 805 804
235 747 806 294
249 294 806 761
234 746 807 295
244 295 807 756
236 748 808 296
272 296 808 784
269 232 744 781
273 785 809 297
267 297 809 779
239 751 810 298
234 298 810 746
277 789 810 298
295 298 810 807
273 299 811 785
240 752 811 299
297 299 811 809
271 783 812 300
265 300 812 777
268 780 813 301
242 301 813 754
238 750 814 302
246 302 814 758
218 730 815 303
217 303 815 729
279 791 815 303
293 303 815 805
236 304 816 748
246 758 816 304
296 304 816 808
271 305 817 783
233 745 817 305
300 305 817 812
268 306 818 780
237 749 818 306
301 306 818 813
238 307 819 750
249 761 819 307
302 307 819 814
264 301 813 776
244 756 820 308
232 308 820 744
251 309 821 763
252 764 821 309
291 309 821 803
252 310 822 764
253 765 822 310
309 310 822 821
253 311 823 765
254 766 823 311
310 311 823 822
254 312 824 766
255 767 824 312
311 312 824 823
255 313 825 767
256 768 825 313
312 313 825 824
256 314 826 768
257 769 826 314
313 314 826 825
257 315 827 769
258 770 827 315
314 315 827 826
258 316 828 770
259 771 828 316
315 316 828 827
259 317 829 771
260 772 829 317
316 317 829 828
260 318 830 772
261 773 830 318
317 318 830 829
261 319 831 773
262 774 831 319
318 319 831 830
262 320 832 774
263 775 832 320
319 320 832 831
264 776 833 321
233 321 833 745
301 813 833 321
305 321 833 817
243 322 834 755
265 777 834 322
278 322 834 790
248 323 835 760
266 778 835 323
245 324 836 757
267 779 836 324
277 324 836 789
235 325 837 747
248 760 837 325
294 325 837 806
241 753 838 326
240 326 838 752
326 278 790 838
275 292 804 787
295 807 820 308
294 806 819 307
299 326 838 811
263 269 781 775
322 300 812 834
269 308 820 781
237 327 839 749
272 784 839 327
325 323 835 837
297 809 836 324
304 302 814 816
306 327 839 818
327 296 808 839
266 328 840 778
276 788 840 328
323 328 840 835
269 781 841 329
263 329 841 775
329 308 820 841
278 790 842 330
326 330 842 838
276 331 843 788
275 787 843 331
328 331 843 840
281 793 844 332
280 332 844 792
281 333 845 793
282 794 845 333
332 333 845 844
282 334 846 794
283 795 846 334
333 334 846 845
283 335 847 795
284 796 847 335
334 335 847 846
284 336 848 796
285 797 848 336
335 336 848 847
285 337 849 797
286 798 849 337
336 337 849 848
286 338 850 798
287 799 850 338
337 338 850 849
287 339 851 799
288 800 851 339
338 339 851 850
288 340 852 800
289 801 852 340
339 340 852 851
289 341 853 801
290 802 853 341
340 341 853 852
308 342 854 820
295 807 854 342
304 816 855 343
296 343 855 808
292 804 843 331
325 344 856 837
323 835 856 344
294 806 857 345
307 345 857 819
300 812 858 346
322 346 858 834
299 811 859 347
297 347 859 809
299 348 860 811
326 838 860 348
347 348 860 859
278 349 861 790
322 834 861 349
330 349 861 842
300 350 862 812
305 817 862 350
346 350 862 858
301 351 863 813
306 818 863 351
321 351 863 833
310 822 864 352
309 352 864 821
310 353 865 822
311 823 865 353
352 353 865 864
311 354 866 823
312 824 866 354
353 354 866 865
312 355 867 824
313 825 867 355
354 355 867 866
313 356 868 825
314 826 868 356
355 356 868 867
314 357 869 826
315 827 869 357
356 357 869 868
315 358 870 827
316 828 870 358
357 358 870 869
316 359 871 828
317 829 871 359
358 359 871 870
317 360 872 829
318 830 872 360
359 360 872 871
318 361 873 830
319 831 873 361
360 361 873 872
319 362 874 831
320 832 874 362
361 362 874 873
324 836 875 363
277 363 875 789
324 364 876 836
297 809 876 364
363 364 876 875
304 365 877 816
302 814 877 365
343 365 877 855
306 366 878 818
327 839 878 366
351 366 878 863
294 367 879 806
325 837 879 367
345 367 879 857
330 842 860 348
280 368 880 792
332 844 880 368
279 368 880 791
329 342 854 841
295 807 881 369
342 369 881 854
293 805 843 331
344 856 879 367
347 859 876 364
346 858 861 349
296 808 882 370
327 370 882 839
307 371 883 819
345 857 883 371
302 371 883 814
343 855 882 370
309 341 853 821
352 864 853 341
298 810 881 369
291 341 853 803
323 372 884 835
328 840 884 372
344 372 884 856
365 371 883 877
277 373 885 789
363 875 885 373
298 373 885 810
321 833 886 374
305 374 886 817
351 863 886 374
350 374 886 862
362 342 854 874
362 874 841 329
279 375 887 791
368 880 887 375
303 375 887 815
293 805 888 376
331 376 888 843
370 882 878 366
376 303 815 888
331 377 889 843
376 888 889 377
328 377 889 840
320 329 841 832
371 883 890 378
365 378 890 877
334 846 891 379
333 379 891 845
334 380 892 846
335 847 892 380
379 380 892 891
335 381 893 847
336 848 893 381
380 381 893 892
336 382 894 848
337 849 894 382
381 382 894 893
337 383 895 849
338 850 895 383
382 383 895 894
338 384 896 850
339 851 896 384
383 384 896 895
339 385 897 851
340 852 897 385
384 385 897 896
341 853 898 386
340 386 898 852
352 864 898 386
385 386 898 897
370 882 899 387
366 387 899 878
364 876 900 388
363 388 900 875
376 375 887 888
362 389 901 874
342 854 901 389
361 389 901 873
367 390 902 879
344 856 902 390
353 865 898 386
348 860 903 391
347 391 903 859
371 392 904 883
345 857 904 392
378 392 904 890
348 393 905 860
330 842 905 393
391 393 905 903
364 394 906 876
347 859 906 394
388 394 906 900
332 844 907 395
368 395 907 880
332 396 908 844
333 845 908 396
395 396 908 907
330 397 909 842
349 861 909 397
393 397 909 905
346 398 910 858
350 862 910 398
369 373 885 881
370 399 911 882
343 855 911 399
387 399 911 899
354 866 912 400
353 400 912 865
354 401 913 866
355 867 913 401
400 401 913 912
355 402 914 867
356 868 914 402
401 402 914 913
356 403 915 868
357 869 915 403
402 403 915 914
357 404 916 869
358 870 916 404
403 404 916 915
358 405 917 870
359 871 917 405
404 405 917 916
359 406 918 871
360 872 918 406
405 406 918 917
361 873 919 407
360 407 919 872
389 901 919 407
406 407 919 918
349 408 920 861
346 858 920 408
397 408 920 909
365 877 921 409
343 409 921 855
378 890 921 409
399 409 921 911
366 878 922 410
351 410 922 863
387 899 922 410
374 410 922 886
345 411 923 857
367 879 923 411
392 411 923 904
369 881 901 389
379 891 908 396
394 391 903 906
408 398 910 920
363 412 924 875
388 900 924 412
373 412 924 885
376 413 925 888
375 887 925 413
377 413 925 889
390 902 923 411
386 400 912 898
369 881 926 414
389 414 926 901
372 377 889 884
373 885 927 415
369 415 927 881
412 924 927 415
414 415 927 926
344 416 928 856
372 884 928 416
390 416 928 902
350 410 922 862
398 410 922 910
398 387 899 910
392 904 929 417
378 417 929 890
368 880 925 413
392 418 930 904
411 923 930 418
417 418 930 929
381 893 931 419
380 419 931 892
381 420 932 893
382 894 932 420
419 420 932 931
382 421 933 894
383 895 933 421
420 421 933 932
383 422 934 895
384 896 934 422
421 422 934 933
384 423 935 896
385 897 935 423
422 423 935 934
377 424 936 889
413 925 936 424
408 920 937 425
397 425 937 909
414 926 919 407
408 426 938 920
398 910 938 426
425 426 938 937
372 424 936 884
393 905 939 427
391 427 939 903
394 906 940 428
388 428 940 900
395 907 925 413
396 908 941 429
395 429 941 907
394 430 942 906
391 903 942 430
428 430 942 940
401 913 943 431
400 431 943 912
393 432 944 905
397 909 944 432
427 432 944 939
387 433 945 899
399 911 945 433
401 434 946 913
402 914 946 434
431 434 946 943
402 435 947 914
403 915 947 435
434 435 947 946
403 436 948 915
404 916 948 436
435 436 948 947
404 437 949 916
405 917 949 437
436 437 949 948
405 438 950 917
406 918 950 438
437 438 950 949
411 439 951 923
390 902 951 439
418 439 951 930
396 440 952 908
379 891 952 440
429 440 952 941
395 907 953 441
413 441 953 925
429 941 953 441
424 441 953 936
378 442 954 890
417 929 954 442
409 442 954 921
380 443 955 892
419 931 955 443
379 443 955 891
385 400 912 897
390 444 956 902
416 928 956 444
439 444 956 951
424 936 928 416
414 926 957 445
407 445 957 919
388 446 958 900
428 940 958 446
412 446 958 924
427 939 942 430
440 443 955 952
400 912 935 423
423 431 943 935
414 447 959 926
415 927 959 447
445 447 959 957
432 425 937 944
406 918 957 445
438 445 957 950
398 433 945 910
409 921 960 448
399 448 960 911
442 954 960 448
433 448 960 945
418 930 961 449
417 449 961 929
421 933 962 450
420 450 962 932
421 451 963 933
422 934 963 451
450 451 963 962
423 935 964 452
422 452 964 934
431 943 964 452
451 452 964 963
433 945 938 426
431 453 965 943
434 946 965 453
452 453 965 964
424 936 966 454
416 454 966 928
441 953 966 454
444 454 966 956
443 955 967 455
440 455 967 952
427 939 968 456
430 456 968 942
427 457 969 939
432 944 969 457
456 457 969 968
412 924 970 458
415 458 970 927
446 958 970 458
447 458 970 959
432 459 971 944
425 937 971 459
457 459 971 969
443 460 972 955
419 931 972 460
455 460 972 967
434 461 973 946
435 947 973 461
453 461 973 965
435 462 974 947
436 948 974 462
461 462 974 973
436 463 975 948
437 949 975 463
462 463 975 974
437 464 976 949
438 950 976 464
463 464 976 975
418 465 977 930
439 951 977 465
449 465 977 961
419 466 978 931
420 932 978 466
460 466 978 972
433 945 979 467
426 467 979 938
448 960 979 467
425 467 979 937
445 464 976 957
447 959 976 464
441 468 980 953
429 941 980 468
454 468 980 966
466 450 962 978
439 469 981 951
444 956 981 469
465 469 981 977
428 940 982 470
446 470 982 958
417 471 983 929
449 961 983 471
442 471 983 954
459 467 979 971
428 472 984 940
430 942 984 472
472 984 982 470
472 456 968 984
440 952 985 473
429 473 985 941
455 967 985 473
468 473 985 980
450 962 986 474
466 474 986 978
467 979 987 475
459 475 987 971
451 453 965 963
446 476 988 958
470 982 988 476
458 476 988 970
457 477 989 969
459 971 989 477
473 985 990 478
468 478 990 980
456 968 991 479
472 479 991 984
448 960 987 475
442 954 987 475
460 972 992 480
455 480 992 967
461 973 993 481
453 481 993 965
456 482 994 968
457 969 994 482
479 482 994 991
461 483 995 973
462 974 995 483
481 483 995 993
462 484 996 974
463 975 996 484
483 484 996 995
463 485 997 975
464 976 997 485
484 485 997 996
449 486 998 961
465 977 998 486
460 487 999 972
466 978 999 487
480 487 999 992
450 488 1000 962
451 963 1000 488
474 488 1000 986
455 967 1001 489
473 489 1001 985
480 992 1001 489
478 489 1001 990
474 986 999 487
471 983 987 475
453 965 1000 488
454 478 990 966
477 989 994 482
470 982 1002 490
476 490 1002 988
464 491 1003 976
447 959 1003 491
485 491 1003 997
477 475 987 989
481 993 1000 488
470 492 1004 982
472 984 1004 492
490 492 1004 1002
449 493 1005 961
486 998 1005 493
471 493 1005 983
492 479 991 1004
465 494 1006 977
469 981 1006 494
474 986 1007 495
487 495 1007 999
491 458 970 1003
479 991 1008 496
492 496 1008 1004
444 478 990 956
486 494 1006 998
483 995 1009 497
481 497 1009 993
482 498 1010 994
477 989 1010 498
483 499 1011 995
484 996 1011 499
497 499 1011 1009
484 500 1012 996
485 997 1012 500
499 500 1012 1011
471 983 1013 501
475 501 1013 987
493 1005 1013 501
477 501 1013 989
482 994 1014 502
479 502 1014 991
498 1010 1014 502
496 502 1014 1008
488 497 1009 1000
494 1006 1015 503
486 503 1015 998
500 490 1002 1012
485 997 1002 490
474 986 1009 497
495 497 1009 1007
492 504 1016 1004
496 1008 1016 504
490 504 1016 1002
478 990 981 469
500 504 1016 1012
478 990 1006 494
494 489 1001 1006
487 999 1017 505
480 505 1017 992
489 1001 1015 503
486 998 1018 506
493 506 1018 1005
503 1015 1018 506
501 506 1018 1013
498 501 1013 1010
495 1007 1017 505
480 992 1015 503
503 505 1017 1015
476 988 1003 491
476 485 997 988
497 507 1019 1009
499 1011 1019 507
495 507 1019 1007
505 1017 1020 508
503 508 1020 1015
498 506 1018 1010
500 1012 1021 509
499 509 1021 1011
504 1016 1021 509
507 509 1021 1019
505 507 1019 1017
496 1008 1021 509
496 1008 1022 510
509 510 1022 1021
502 1014 1022 510
507 510 1022 1019
507 1019 1020 508
508 1020 1018 506
506 1018 1023 511
498 511 1023 1010
508 1020 1023 511
502 511 1023 1014
511 1023 1022 510
508 510 1022 1020
4 23 3
5 80 4
6 81 5
5 81 80
7 82 6
6 82 81
8 83 7
7 83 82
9 84 8
8 84 83
10 85 9
9 85 84
11 86 10
10 86 85
12 87 11
11 87 86
13 88 12
12 88 87
14 89 13
13 89 88
15 90 14
14 90 89
16 91 15
15 91 90
17 92 16
16 92 91
18 93 17
17 93 92
19 94 18
18 94 93
20 95 19
19 95 94
21 96 20
20 96 95
22 97 21
21 97 96
2 98 22
61 98 2
22 98 97
23 99 24
25 100 26
27 101 28
29 102 30
31 103 32
33 104 34
35 105 36
37 106 38
39 107 40
41 42 1
42 108 43
44 109 45
46 110 47
48 111 49
50 112 51
52 113 53
54 114 55
56 115 57
58 116 59
60 79 0
62 117 61
61 117 98
63 118 62
62 118 117
64 119 63
63 119 118
65 120 64
64 120 119
66 121 65
65 121 120
67 122 66
66 122 121
68 123 67
67 123 122
69 124 68
68 124 123
70 125 69
69 125 124
71 126 70
70 126 125
72 127 71
71 127 126
73 128 72
72 128 127
74 129 73
73 129 128
75 130 74
74 130 129
76 131 75
75 131 130
77 132 76
76 132 131
78 133 77
77 133 132
79 134 78
60 134 79
78 134 133
41 108 42
60 59 134
24 135 25
26 136 27
28 137 29
30 138 31
32 139 33
34 140 35
36 141 37
38 142 39
136 101 27
40 143 41
108 144 43
43 144 44
59 116 134
44 144 109
45 145 46
47 146 48
49 147 50
51 148 52
53 149 54
55 150 56
57 151 58
137 102 29
24 99 135
138 103 31
4 99 23
101 137 28
102 138 30
103 139 32
104 140 34
105 141 36
106 142 38
107 143 40
109 145 45
110 146 47
111 147 49
112 148 51
113 149 53
114 150 55
115 151 57
139 104 33
140 105 35
141 106 37
142 107 39
148 113 52
149 114 54
150 115 56
151 116 58
135 100 25
26 100 136
147 112 50
146 111 48
145 110 46
80 99 4
101 152 137
82 153 81
83 154 82
82 154 153
84 155 83
83 155 154
85 156 84
84 156 155
86 157 85
85 157 156
87 158 86
86 158 157
88 159 87
87 159 158
89 160 88
88 160 159
90 161 89
89 161 160
91 162 90
90 162 161
92 163 91
91 163 162
93 164 92
92 164 163
94 165 93
93 165 164
95 166 94
94 166 165
96 167 95
95 167 166
97 168 96
96 168 167
98 169 97
117 169 98
97 169 168
147 170 112
100 171 136
109 172 145
102 173 138
99 174 135
103 175 139
104 176 140
105 177 141
106 178 142
107 179 143
148 180 113
136 181 101
171 181 136
101 181 152
143 108 41
116 182 134
134 182 133
80 174 99
111 183 147
147 183 170
112 184 148
148 184 180
146 185 111
111 185 183
149 186 114
150 187 115
151 188 116
116 188 182
139 189 104
104 189 176
135 190 100
100 190 171
137 191 102
102 191 173
138 192 103
103 192 175
118 193 117
117 193 169
119 194 118
118 194 193
120 195 119
119 195 194
121 196 120
120 196 195
122 197 121
121 197 196
123 198 122
122 198 197
124 199 123
123 199 198
125 200 124
124 200 199
126 201 125
125 201 200
127 202 126
126 202 201
128 203 127
127 203 202
129 204 128
128 204 203
130 205 129
129 205 204
131 206 130
130 206 205
132 207 131
131 207 206
81 174 80
144 208 109
109 208 172
110 209 146
146 209 185
143 179 108
152 191 137
81 153 174
112 170 184
174 190 135
173 192 138
140 210 105
141 211 106
142 212 107
179 144 108
145 213 110
113 214 149
114 215 150
151 115 188
133 216 132
144 179 208
139 175 189
180 214 113
178 212 142
177 211 141
176 210 140
215 187 150
214 186 149
212 179 107
211 178 106
210 177 105
213 209 110
145 172 213
114 186 215
115 187 188
155 217 154
156 218 155
155 218 217
157 219 156
156 219 218
158 220 157
157 220 219
159 221 158
158 221 220
160 222 159
159 222 221
161 223 160
160 223 222
162 224 161
161 224 223
163 225 162
162 225 224
164 226 163
163 226 225
165 227 164
164 227 226
166 228 165
165 228 227
167 229 166
166 229 228
168 230 167
167 230 229
169 231 168
193 231 169
168 231 230
188 232 182
172 233 213
215 234 187
132 216 207
173 235 192
176 236 210
177 237 211
175 238 189
182 216 133
186 239 215
215 239 234
170 240 184
183 241 170
170 241 240
178 242 212
185 243 183
183 243 241
187 244 188
214 245 186
186 245 239
189 246 176
176 246 236
190 247 171
191 248 173
173 248 235
192 249 175
175 249 238
174 250 190
153 250 174
190 250 247
194 251 193
193 251 231
195 252 194
194 252 251
196 253 195
195 253 252
197 254 196
196 254 253
198 255 197
197 255 254
199 256 198
198 256 255
200 257 199
199 257 256
201 258 200
200 258 257
202 259 201
201 259 258
203 260 202
202 260 259
204 261 203
203 261 260
205 262 204
204 262 261
206 263 205
205 263 262
208 264 172
172 264 233
209 265 185
185 265 243
152 266 191
191 266 248
180 267 214
214 267 245
182 232 216
188 244 232
238 246 189
237 268 211
211 268 178
216 269 207
212 270 179
235 249 192
213 271 209
210 272 177
272 237 177
236 272 210
234 244 187
240 273 184
184 273 180
154 274 153
242 270 212
154 217 274
213 233 271
247 275 171
171 275 181
180 273 267
207 269 206
179 270 208
181 276 152
275 276 181
152 276 266
268 242 178
270 264 208
271 265 209
274 250 153
245 277 239
243 278 241
219 279 218
220 280 219
219 280 279
221 281 220
220 281 280
222 282 221
221 282 281
223 283 222
222 283 282
224 284 223
223 284 283
225 285 224
224 285 284
226 286 225
225 286 285
227 287 226
226 287 286
228 288 227
227 288 287
229 289 228
228 289 288
230 290 229
229 290 289
231 291 230
251 291 231
230 291 290
274 292 250
250 292 247
270 242 264
217 293 274
274 293 292
235 294 249
234 295 244
236 296 272
216 232 269
273 297 267
239 298 234
277 298 239
234 298 295
240 299 273
273 299 297
271 300 265
268 301 242
238 302 246
218 303 217
279 303 218
217 303 293
246 304 236
236 304 296
233 305 271
271 305 300
237 306 268
268 306 301
249 307 238
238 307 302
242 301 264
244 308 232
252 309 251
251 309 291
253 310 252
252 310 309
254 311 253
253 311 310
255 312 254
254 312 311
256 313 255
255 313 312
257 314 256
256 314 313
258 315 257
257 315 314
259 316 258
258 316 315
260 317 259
259 317 316
261 318 260
260 318 317
262 319 261
261 319 318
263 320 262
262 320 319
264 321 233
301 321 264
233 321 305
265 322 243
243 322 278
266 323 248
267 324 245
245 324 277
248 325 235
235 325 294
241 326 240
241 278 326
247 292 275
295 308 244
294 307 249
240 326 299
206 269 263
265 300 322
232 308 269
272 327 237
248 323 325
297 324 267
246 302 304
237 327 306
272 296 327
276 328 266
266 328 323
269 329 263
269 308 329
278 330 326
275 331 276
276 331 328
281 332 280
282 333 281
281 333 332
283 334 282
282 334 333
284 335 283
283 335 334
285 336 284
284 336 335
286 337 285
285 337 336
287 338 286
286 338 337
288 339 287
287 339 338
289 340 288
288 340 339
290 341 289
289 341 340
295 342 308
304 343 296
292 331 275
323 344 325
294 345 307
300 346 322
299 347 297
326 348 299
299 348 347
322 349 278
278 349 330
305 350 300
300 350 346
306 351 301
301 351 321
310 352 309
311 353 310
310 353 352
312 354 311
311 354 353
313 355 312
312 355 354
314 356 313
313 356 355
315 357 314
314 357 356
316 358 315
315 358 357
317 359 316
316 359 358
318 360 317
317 360 359
319 361 318
318 361 360
320 362 319
319 362 361
324 363 277
297 364 324
324 364 363
302 365 304
304 365 343
327 366 306
306 366 351
325 367 294
294 367 345
330 348 326
332 368 280
280 368 279
308 342 329
295 369 342
293 331 292
344 367 325
347 364 297
346 349 322
296 370 327
345 371 307
307 371 302
343 370 296
352 341 309
298 369 295
309 341 291
328 372 323
323 372 344
302 371 365
363 373 277
277 373 298
321 374 305
351 374 321
305 374 350
362 329 342
368 375 279
279 375 303
293 376 331
370 366 327
293 303 376
376 377 331
331 377 328
263 329 320
371 378 365
334 379 333
335 380 334
334 380 379
336 381 335
335 381 380
337 382 336
336 382 381
338 383 337
337 383 382
339 384 338
338 384 383
340 385 339
339 385 384
341 386 340
352 386 341
340 386 385
291 341 290
370 387 366
364 388 363
303 375 376
342 389 362
362 389 361
344 390 367
353 386 352
348 391 347
345 392 371
371 392 378
330 393 348
348 393 391
347 394 364
364 394 388
332 395 368
333 396 332
332 396 395
362 320 329
349 397 330
330 397 393
350 398 346
298 373 369
343 399 370
370 399 387
354 400 353
355 401 354
354 401 400
356 402 355
355 402 401
357 403 356
356 403 402
358 404 357
357 404 403
359 405 358
358 405 404
360 406 359
359 406 405
361 407 360
389 407 361
360 407 406
346 408 349
349 408 397
365 409 343
378 409 365
343 409 399
366 410 351
387 410 366
351 410 374
367 411 345
345 411 392
369 389 342
379 396 333
347 391 394
346 398 408
388 412 363
363 412 373
375 413 376
376 413 377
390 411 367
353 400 386
369 414 389
328 377 372
373 415 369
412 415 373
369 415 414
372 416 344
344 416 390
374 410 350
350 410 398
410 387 398
392 417 378
368 413 375
411 418 392
392 418 417
381 419 380
382 420 381
381 420 419
383 421 382
382 421 420
384 422 383
383 422 421
385 423 384
384 423 422
413 424 377
408 425 397
414 407 389
398 426 408
408 426 425
377 424 372
393 427 391
394 428 388
395 413 368
396 429 395
391 430 394
394 430 428
401 431 400
397 432 393
393 432 427
399 433 387
402 434 401
401 434 431
403 435 402
402 435 434
404 436 403
403 436 435
405 437 404
404 437 436
406 438 405
405 438 437
390 439 411
411 439 418
379 440 396
396 440 429
395 441 413
429 441 395
413 441 424
417 442 378
378 442 409
419 443 380
380 443 379
386 400 385
416 444 390
390 444 439
424 416 372
414 445 407
428 446 388
388 446 412
427 430 391
379 443 440
400 423 385
400 431 423
415 447 414
414 447 445
397 425 432
406 445 438
407 445 406
387 433 398
409 448 399
442 448 409
399 448 433
418 449 417
421 450 420
422 451 421
421 451 450
423 452 422
431 452 423
422 452 451
433 426 398
434 453 431
431 453 452
424 454 416
441 454 424
416 454 444
443 455 440
427 456 430
432 457 427
427 457 456
412 458 415
446 458 412
415 458 447
425 459 432
432 459 457
419 460 443
443 460 455
435 461 434
434 461 453
436 462 435
435 462 461
437 463 436
436 463 462
438 464 437
437 464 463
439 465 418
418 465 449
420 466 419
419 466 460
433 467 426
448 467 433
426 467 425
447 464 445
429 468 441
441 468 454
420 450 466
444 469 439
439 469 465
428 470 446
449 471 417
417 471 442
425 467 459
445 464 438
430 472 428
472 470 428
430 456 472
440 473 429
455 473 440
429 473 468
450 474 466
467 475 459
452 453 451
470 476 446
446 476 458
459 477 457
473 478 468
456 479 472
448 475 467
442 475 448
460 480 455
461 481 453
457 482 456
456 482 479
462 483 461
461 483 481
463 484 462
462 484 483
464 485 463
463 485 484
465 486 449
466 487 460
460 487 480
451 488 450
450 488 474
455 489 473
480 489 455
473 489 478
474 487 466
471 475 442
453 488 451
468 478 454
477 482 457
470 490 476
447 491 464
464 491 485
459 475 477
481 488 453
472 492 470
470 492 490
486 493 449
449 493 471
472 479 492
469 494 465
474 495 487
447 458 491
479 496 492
454 478 444
465 494 486
483 497 481
477 498 482
484 499 483
483 499 497
485 500 484
484 500 499
471 501 475
493 501 471
475 501 477
482 502 479
498 502 482
479 502 496
481 497 488
494 503 486
485 490 500
474 497 495
496 504 492
492 504 490
478 469 444
490 504 500
478 494 469
478 489 494
474 488 497
487 505 480
489 503 494
486 506 493
503 506 486
493 506 501
477 501 498
495 505 487
480 503 489
480 505 503
476 491 458
490 485 476
499 507 497
497 507 495
505 508 503
501 506 498
500 509 499
504 509 500
499 509 507
495 507 505
496 509 504
496 510 509
502 510 496
509 510 507
507 508 505
508 506 503
506 511 498
508 511 506
498 511 502
485 491 476
511 510 502
507 510 508
510 511 508
61 2 532 573
62 61 573 574
63 62 574 575
64 63 575 576
65 64 576 577
66 65 577 578
67 66 578 579
68 67 579 580
69 68 580 581
70 69 581 582
71 70 582 583
72 71 583 584
73 72 584 585
74 73 585 586
75 74 586 587
76 75 587 588
77 76 588 589
78 77 589 590
79 78 590 591
0 79 591 572
3 23 533 513
23 24 534 533
24 25 535 534
25 26 536 535
26 27 537 536
27 28 538 537
28 29 539 538
29 30 540 539
30 31 541 540
31 32 542 541
32 33 543 542
33 34 544 543
34 35 545 544
35 36 546 545
36 37 547 546
37 38 548 547
38 39 549 548
39 40 550 549
40 41 551 550
41 1 552 551
1 42 553 552
42 43 554 553
43 44 555 554
44 45 556 555
45 46 557 556
46 47 558 557
47 48 559 558
48 49 560 559
49 50 561 560
50 51 562 561
51 52 563 562
52 53 564 563
53 54 565 564
54 55 566 565
55 56 567 566
56 57 568 567
57 58 569 568
58 59 570 569
60 571 570 59
60 0 572 571
4 3 513 512
5 4 512 514
6 5 514 515
7 6 515 516
8 7 516 517
9 8 517 518
10 9 518 519
11 10 519 520
12 11 520 521
13 12 521 522
14 13 522 523
15 14 523 524
16 15 524 525
17 16 525 526
18 17 526 527
19 18 527 528
20 19 528 529
21 20 529 530
22 21 530 531
2 22 531 532
512 513 533
514 512 592
515 514 593
514 592 593
516 515 594
515 593 594
517 516 595
516 594 595
518 517 596
517 595 596
519 518 597
518 596 597
520 519 598
519 597 598
521 520 599
520 598 599
522 521 600
521 599 600
523 522 601
522 600 601
524 523 602
523 601 602
525 524 603
524 602 603
526 525 604
525 603 604
527 526 605
526 604 605
528 527 606
527 605 606
529 528 607
528 606 607
530 529 608
529 607 608
531 530 609
530 608 609
532 531 610
573 532 610
531 609 610
533 534 611
535 536 612
537 538 613
539 540 614
541 542 615
543 544 616
545 546 617
547 548 618
549 550 619
551 552 553
553 554 620
555 556 621
557 558 622
559 560 623
561 562 624
563 564 625
565 566 626
567 568 627
569 570 628
571 572 591
574 573 629
573 610 629
575 574 630
574 629 630
576 575 631
575 630 631
577 576 632
576 631 632
578 577 633
577 632 633
579 578 634
578 633 634
580 579 635
579 634 635
581 580 636
580 635 636
582 581 637
581 636 637
583 582 638
582 637 638
584 583 639
583 638 639
585 584 640
584 639 640
586 585 641
585 640 641
587 586 642
586 641 642
588 587 643
587 642 643
589 588 644
588 643 644
590 589 645
589 644 645
591 590 646
571 591 646
590 645 646
551 553 620
571 646 570
534 535 647
536 537 648
538 539 649
540 541 650
542 543 651
544 545 652
546 547 653
548 549 654
648 537 613
550 551 655
620 554 656
554 555 656
570 646 628
555 621 656
556 557 657
558 559 658
560 561 659
562 563 660
564 565 661
566 567 662
568 569 663
649 539 614
534 647 611
650 541 615
512 533 611
613 538 649
614 540 650
615 542 651
616 544 652
617 546 653
618 548 654
619 550 655
621 556 657
622 558 658
623 560 659
624 562 660
625 564 661
626 566 662
627 568 663
651 543 616
652 545 617
653 547 618
654 549 619
660 563 625
661 565 626
662 567 627
663 569 628
647 535 612
536 648 612
659 561 624
658 559 623
657 557 622
592 512 611
613 649 664
594 593 665
595 594 666
594 665 666
596 595 667
595 666 667
597 596 668
596 667 668
598 597 669
597 668 669
599 598 670
598 669 670
600 599 671
599 670 671
601 600 672
600 671 672
602 601 673
601 672 673
603 602 674
602 673 674
604 603 675
603 674 675
605 604 676
604 675 676
606 605 677
605 676 677
607 606 678
606 677 678
608 607 679
607 678 679
609 608 680
608 679 680
610 609 681
629 610 681
609 680 681
659 624 682
612 648 683
621 657 684
614 650 685
611 647 686
615 651 687
616 652 688
617 653 689
618 654 690
619 655 691
660 625 692
648 613 693
683 648 693
613 664 693
655 551 620
628 646 694
646 645 694
592 611 686
623 659 695
659 682 695
624 660 696
660 692 696
658 623 697
623 695 697
661 626 698
662 627 699
663 628 700
628 694 700
651 616 701
616 688 701
647 612 702
612 683 702
649 614 703
614 685 703
650 615 704
615 687 704
630 629 705
629 681 705
631 630 706
630 705 706
632 631 707
631 706 707
633 632 708
632 707 708
634 633 709
633 708 709
635 634 710
634 709 710
636 635 711
635 710 711
637 636 712
636 711 712
638 637 713
637 712 713
639 638 714
638 713 714
640 639 715
639 714 715
641 640 716
640 715 716
642 641 717
641 716 717
643 642 718
642 717 718
644 643 719
643 718 719
593 592 686
656 621 720
621 684 720
622 658 721
658 697 721
655 620 691
664 649 703
593 686 665
624 696 682
686 647 702
685 650 704
652 617 722
653 618 723
654 619 724
691 620 656
657 622 725
625 661 726
626 662 727
663 700 627
645 644 728
656 720 691
651 701 687
692 625 726
690 654 724
689 653 723
688 652 722
727 662 699
726 661 698
724 619 691
723 618 690
722 617 689
725 622 721
657 725 684
626 727 698
627 700 699
667 666 729
668 667 730
667 729 730
669 668 731
668 730 731
670 669 732
669 731 732
671 670 733
670 732 733
672 671 734
671 733 734
673 672 735
672 734 735
674 673 736
673 735 736
675 674 737
674 736 737
676 675 738
675 737 738
677 676 739
676 738 739
678 677 740
677 739 740
679 678 741
678 740 741
680 679 742
679 741 742
681 680 743
705 681 743
680 742 743
700 694 744
684 725 745
727 699 746
644 719 728
685 704 747
688 722 748
689 723 749
687 701 750
694 645 728
698 727 751
727 746 751
682 696 752
695 682 753
682 752 753
690 724 754
697 695 755
695 753 755
699 700 756
726 698 757
698 751 757
701 688 758
688 748 758
702 683 759
703 685 760
685 747 760
704 687 761
687 750 761
686 702 762
665 686 762
702 759 762
706 705 763
705 743 763
707 706 764
706 763 764
708 707 765
707 764 765
709 708 766
708 765 766
710 709 767
709 766 767
711 710 768
710 767 768
712 711 769
711 768 769
713 712 770
712 769 770
714 713 771
713 770 771
715 714 772
714 771 772
716 715 773
715 772 773
717 716 774
716 773 774
718 717 775
717 774 775
720 684 776
684 745 776
721 697 777
697 755 777
664 703 778
703 760 778
692 726 779
726 757 779
694 728 744
700 744 756
750 701 758
749 723 780
723 690 780
728 719 781
724 691 782
747 704 761
725 721 783
722 689 784
784 689 749
748 722 784
746 699 756
752 696 785
696 692 785
666 665 786
754 724 782
666 786 729
725 783 745
759 683 787
683 693 787
692 779 785
719 718 781
691 720 782
693 664 788
787 693 788
664 778 788
780 690 754
782 720 776
783 721 777
786 665 762
757 751 789
755 753 790
731 730 791
732 731 792
731 791 792
733 732 793
732 792 793
734 733 794
733 793 794
735 734 795
734 794 795
736 735 796
735 795 796
737 736 797
736 796 797
738 737 798
737 797 798
739 738 799
738 798 799
740 739 800
739 799 800
741 740 801
740 800 801
742 741 802
741 801 802
743 742 803
763 743 803
742 802 803
786 762 804
762 759 804
782 776 754
729 786 805
786 804 805
747 761 806
746 756 807
748 784 808
728 781 744
785 779 809
751 746 810
789 751 810
746 807 810
752 785 811
785 809 811
783 777 812
780 754 813
750 758 814
730 729 815
791 730 815
729 805 815
758 748 816
748 808 816
745 783 817
783 812 817
749 780 818
780 813 818
761 750 819
750 814 819
754 776 813
756 744 820
764 763 821
763 803 821
765 764 822
764 821 822
766 765 823
765 822 823
767 766 824
766 823 824
768 767 825
767 824 825
769 768 826
768 825 826
770 769 827
769 826 827
771 770 828
770 827 828
772 771 829
771 828 829
773 772 830
772 829 830
774 773 831
773 830 831
775 774 832
774 831 832
776 745 833
813 776 833
745 817 833
777 755 834
755 790 834
778 760 835
779 757 836
757 789 836
760 747 837
747 806 837
753 752 838
753 838 790
759 787 804
807 756 820
806 761 819
752 811 838
718 775 781
777 834 812
744 781 820
784 749 839
760 837 835
809 779 836
758 816 814
749 818 839
784 839 808
788 778 840
778 835 840
781 775 841
781 841 820
790 838 842
787 788 843
788 840 843
793 792 844
794 793 845
793 844 845
795 794 846
794 845 846
796 795 847
795 846 847
797 796 848
796 847 848
798 797 849
797 848 849
799 798 850
798 849 850
800 799 851
799 850 851
801 800 852
800 851 852
802 801 853
801 852 853
807 820 854
816 808 855
804 787 843
835 837 856
806 819 857
812 834 858
811 809 859
838 811 860
811 859 860
834 790 861
790 842 861
817 812 862
812 858 862
818 813 863
813 833 863
822 821 864
823 822 865
822 864 865
824 823 866
823 865 866
825 824 867
824 866 867
826 825 868
825 867 868
827 826 869
826 868 869
828 827 870
827 869 870
829 828 871
828 870 871
830 829 872
829 871 872
831 830 873
830 872 873
832 831 874
831 873 874
836 789 875
809 836 876
836 875 876
814 816 877
816 855 877
839 818 878
818 863 878
837 806 879
806 857 879
842 838 860
844 792 880
792 791 880
820 841 854
807 854 881
805 804 843
856 837 879
859 809 876
858 834 861
808 839 882
857 819 883
819 814 883
855 808 882
864 821 853
810 807 881
821 803 853
840 835 884
835 856 884
814 877 883
875 789 885
789 810 885
833 817 886
863 833 886
817 862 886
874 854 841
880 791 887
791 815 887
805 843 888
882 839 878
805 888 815
888 843 889
843 840 889
775 832 841
883 877 890
846 845 891
847 846 892
846 891 892
848 847 893
847 892 893
849 848 894
848 893 894
850 849 895
849 894 895
851 850 896
850 895 896
852 851 897
851 896 897
853 852 898
864 853 898
852 897 898
803 802 853
882 878 899
876 875 900
815 888 887
854 874 901
874 873 901
856 879 902
865 864 898
860 859 903
857 883 904
883 890 904
842 860 905
860 903 905
859 876 906
876 900 906
844 880 907
845 844 908
844 907 908
874 841 832
861 842 909
842 905 909
862 858 910
810 881 885
855 882 911
882 899 911
866 865 912
867 866 913
866 912 913
868 867 914
867 913 914
869 868 915
868 914 915
870 869 916
869 915 916
871 870 917
870 916 917
872 871 918
871 917 918
873 872 919
901 873 919
872 918 919
858 861 920
861 909 920
877 855 921
890 877 921
855 911 921
878 863 922
899 878 922
863 886 922
879 857 923
857 904 923
881 854 901
891 845 908
859 906 903
858 920 910
900 875 924
875 885 924
887 888 925
888 889 925
902 879 923
865 898 912
881 901 926
840 884 889
885 881 927
924 885 927
881 926 927
884 856 928
856 902 928
886 862 922
862 910 922
922 910 899
904 890 929
880 887 925
923 904 930
904 929 930
893 892 931
894 893 932
893 931 932
895 894 933
894 932 933
896 895 934
895 933 934
897 896 935
896 934 935
925 889 936
920 909 937
926 901 919
910 920 938
920 937 938
889 884 936
905 903 939
906 900 940
907 880 925
908 907 941
903 906 942
906 940 942
913 912 943
909 905 944
905 939 944
911 899 945
914 913 946
913 943 946
915 914 947
914 946 947
916 915 948
915 947 948
917 916 949
916 948 949
918 917 950
917 949 950
902 923 951
923 930 951
891 908 952
908 941 952
907 925 953
941 907 953
925 936 953
929 890 954
890 921 954
931 892 955
892 891 955
898 897 912
928 902 956
902 951 956
936 884 928
926 919 957
940 900 958
900 924 958
939 903 942
891 952 955
912 897 935
912 935 943
927 926 959
926 957 959
909 944 937
918 950 957
919 918 957
899 910 945
921 911 960
954 921 960
911 945 960
930 929 961
933 932 962
934 933 963
933 962 963
935 934 964
943 935 964
934 963 964
945 910 938
946 943 965
943 964 965
936 928 966
953 936 966
928 956 966
955 952 967
939 942 968
944 939 969
939 968 969
924 927 970
958 924 970
927 959 970
937 944 971
944 969 971
931 955 972
955 967 972
947 946 973
946 965 973
948 947 974
947 973 974
949 948 975
948 974 975
950 949 976
949 975 976
951 930 977
930 961 977
932 931 978
931 972 978
945 938 979
960 945 979
938 937 979
959 957 976
941 953 980
953 966 980
932 978 962
956 951 981
951 977 981
940 958 982
961 929 983
929 954 983
937 971 979
957 950 976
942 940 984
984 940 982
942 984 968
952 941 985
967 952 985
941 980 985
962 978 986
979 971 987
964 963 965
982 958 988
958 970 988
971 969 989
985 980 990
968 984 991
960 979 987
954 960 987
972 967 992
973 965 993
969 968 994
968 991 994
974 973 995
973 993 995
975 974 996
974 995 996
976 975 997
975 996 997
977 961 998
978 972 999
972 992 999
963 962 1000
962 986 1000
967 985 1001
992 967 1001
985 990 1001
986 978 999
983 954 987
965 963 1000
980 966 990
989 969 994
982 988 1002
959 976 1003
976 997 1003
971 989 987
993 965 1000
984 982 1004
982 1002 1004
998 961 1005
961 983 1005
984 1004 991
981 977 1006
986 999 1007
959 1003 970
991 1004 1008
966 956 990
977 998 1006
995 993 1009
989 994 1010
996 995 1011
995 1009 1011
997 996 1012
996 1011 1012
983 987 1013
1005 983 1013
987 989 1013
994 991 1014
1010 994 1014
991 1008 1014
993 1000 1009
1006 998 1015
997 1012 1002
986 1007 1009
1008 1004 1016
1004 1002 1016
990 956 981
1002 1012 1016
990 981 1006
990 1006 1001
986 1009 1000
999 992 1017
1001 1006 1015
998 1005 1018
1015 998 1018
1005 1013 1018
989 1010 1013
1007 999 1017
992 1001 1015
992 1015 1017
988 970 1003
1002 988 997
1011 1009 1019
1009 1007 1019
1017 1015 1020
1013 1010 1018
1012 1011 1021
1016 1012 1021
1011 1019 1021
1007 1017 1019
1008 1016 1021
1008 1021 1022
1014 1008 1022
1021 1019 1022
1019 1017 1020
1020 1015 1018
1018 1010 1023
1020 1018 1023
1010 1014 1023
997 988 1003
1023 1014 1022
1019 1020 1022
1022 1020 1023