122
3
150
3
5
252
5
7
152
7
9
153
9
11
155
11
13
157
13
15
159
15
17
161
17
19
163
19
21
165
21
23
167
23
25
169
25
27
171
27
29
173
29
31
175
31
33
177
33
35
179
35
38
181
37
38
60
183
120
122
145
146
106
123
119
124
121
125
126
137
127
138
128
139
129
140
96
96
108
111
130
131
149
132
148
133
147
134
141
135
142
136
143
110
144
94
60
62
184
62
64
222
64
66
224
66
68
226
68
70
228
70
72
230
72
74
232
74
76
234
76
78
236
78
80
238
80
82
240
82
84
242
84
86
244
86
88
246
88
90
248
90
92
250
92
95
271
94
95
97
202
200
110
120
145
106
146
119
123
121
124
125
137
126
138
127
139
128
140
197
129
200
109
266
111
201
253
130
149
131
148
132
147
133
141
134
142
135
143
136
144
218
190
220
150
151
189
191
192
193
194
195
188
255
204
206
268
269
270
214
263
264
265
196
210
211
212
216
187
186
208
267
203
199
258
154
259
154
156
396
156
158
287
158
160
288
160
162
290
162
164
292
164
166
294
166
168
296
168
170
298
170
172
300
172
174
302
174
176
304
176
178
306
178
180
308
180
182
310
182
185
312
184
185
223
314
205
260
198
217
254
284
219
262
203
261
221
273
215
277
276
282
275
281
257
280
207
274
198
199
401
405
257
202
213
325
252
205
209
329
207
260
395
209
256
332
279
285
278
286
213
270
317
215
273
337
217
261
339
219
258
340
221
262
342
223
225
315
225
227
347
227
229
349
229
231
351
231
233
353
233
235
355
235
237
357
237
239
359
239
241
361
241
243
363
243
245
365
245
247
367
247
249
369
249
251
371
251
320
403
259
254
272
373
256
283
375
266
377
345
328
344
321
277
282
276
281
275
280
272
283
284
274
279
278
285
286
320
325
404
324
379
331
323
322
319
335
387
385
390
389
318
326
334
289
398
289
291
458
291
293
414
293
295
415
295
297
417
297
299
419
299
301
421
301
303
423
303
305
425
305
307
427
307
309
429
309
311
431
311
313
433
313
316
435
315
316
348
437
381
382
374
399
327
393
386
341
388
338
392
384
391
343
383
381
327
336
450
330
394
330
333
505
397
408
333
376
413
382
393
336
380
412
338
383
461
346
400
341
378
503
343
388
467
345
346
411
441
348
350
438
350
352
471
352
354
473
354
356
475
356
358
477
358
360
479
360
362
481
362
364
483
364
366
485
366
368
487
368
370
489
370
372
491
372
511
493
374
409
495
376
410
498
378
407
500
380
402
501
448
470
457
385
465
408
403
448
397
404
445
399
410
391
392
514
447
446
395
453
402
398
411
442
443
463
401
507
406
449
511
409
406
407
525
520
456
442
455
440
451
502
499
506
416
459
416
418
593
418
420
527
420
422
528
422
424
530
424
426
532
426
428
534
428
430
536
430
432
538
432
434
540
434
436
542
436
439
544
438
439
472
641
441
444
507
469
444
460
596
504
509
452
508
462
519
513
454
516
451
452
611
605
454
510
552
464
512
466
469
468
517
459
460
617
620
462
517
547
464
497
557
466
518
559
468
509
602
496
508
513
472
474
606
474
476
561
476
478
562
478
480
564
480
482
566
482
484
568
484
486
570
486
488
572
488
490
574
490
492
576
492
494
578
494
623
580
496
497
560
612
499
512
555
515
521
502
516
582
504
515
589
506
510
524
548
546
550
553
522
551
523
518
519
549
583
585
587
600
521
526
607
523
623
594
556
591
526
548
622
529
592
529
531
657
531
533
625
533
535
626
535
537
628
537
539
630
539
541
632
541
543
634
543
545
636
545
641
638
594
595
586
603
596
597
608
590
601
558
599
554
598
554
591
649
556
599
660
558
614
662
560
588
613
563
604
563
565
648
565
567
666
567
569
667
569
571
669
571
573
671
573
575
673
575
577
675
577
579
677
579
581
679
581
659
646
584
610
584
598
643
586
609
684
588
619
687
590
597
690
652
593
656
616
615
605
692
618
647
654
682
603
619
602
650
609
664
606
639
663
641
608
703
707
624
611
697
663
613
614
689
709
645
659
617
713
644
620
621
642
644
622
699
703
659
651
685
627
693
627
629
761
629
631
716
631
633
717
633
635
719
635
637
721
637
640
723
639
640
648
762
665
688
655
696
698
646
692
680
700
708
701
653
694
651
691
712
653
661
731
655
694
732
658
733
658
693
734
661
683
738
695
710
704
665
686
740
668
701
668
670
737
670
672
741
672
674
743
674
676
745
676
678
747
678
681
749
680
681
727
777
683
695
726
685
686
759
779
688
689
711
709
691
700
714
702
753
735
728
697
768
705
699
713
725
751
762
706
727
730
705
706
799
773
708
765
763
710
711
778
715
758
733
715
752
782
718
760
718
720
816
720
722
783
722
724
784
724
771
786
730
757
729
775
766
729
789
820
765
739
769
736
767
755
754
756
736
769
832
742
772
739
775
797
778
781
742
744
790
744
746
806
746
748
808
748
750
810
750
776
812
752
764
814
754
770
835
756
757
822
793
759
829
780
761
804
770
771
764
794
825
792
774
777
768
827
800
796
795
772
787
774
801
821
802
777
831
789
780
781
847
819
815
828
785
824
785
788
861
787
788
791
840
818
791
807
840
793
794
823
885
805
836
798
834
798
803
850
800
801
842
883
803
830
843
805
817
848
807
809
849
809
811
852
811
813
854
813
831
856
815
826
858
817
824
859
819
820
846
830
831
872
823
837
869
838
826
905
881
833
841
829
879
867
839
833
834
876
845
836
837
863
844
862
866
846
874
868
842
871
919
870
874
865
869
851
880
847
867
860
864
853
875
851
870
896
853
855
887
855
857
889
857
873
891
878
886
860
866
910
862
868
909
864
865
917
908
882
893
875
885
888
877
920
873
883
938
895
899
877
880
904
879
912
894
884
886
907
902
916
919
898
903
905
900
890
899
897
915
890
892
921
892
901
925
894
895
914
915
897
898
937
931
909
911
913
906
920
909
922
904
929
906
907
926
908
911
916
918
917
913
914
934
924
924
928
918
923
938
938
922
927
928
933
934
935
926
927
929
932
933
930
931
932
939
940
940
936
936
937
941
939
941
941