0.5 0.5 0
0.5 -0.5 0
-0.5 0.5 0
-0.5 -0.5 0
-0.5 -0.45 0
-0.5 -0.4 0
-0.5 -0.35 0
-0.5 -0.3 0
-0.5 -0.25 0
-0.5 -0.2 0
-0.5 -0.15 0
-0.5 -0.1 0
-0.5 -0.05 0
-0.5 -2.331468352e-15 0
-0.5 0.05 0
-0.5 0.1 0
-0.5 0.15 0
-0.5 0.2 0
-0.5 0.25 0
-0.5 0.3 0
-0.5 0.35 0
-0.5 0.4 0
-0.5 0.45 0
-0.45 -0.5 0
-0.4 -0.5 0
-0.35 -0.5 0
-0.3 -0.5 0
-0.25 -0.5 0
-0.2 -0.5 0
-0.15 -0.5 0
-0.1 -0.5 0
-0.05 -0.5 0
-2.331468352e-15 -0.5 0
0.05 -0.5 0
0.1 -0.5 0
0.15 -0.5 0
0.2 -0.5 0
0.25 -0.5 0
0.3 -0.5 0
0.35 -0.5 0
0.4 -0.5 0
0.45 -0.5 0
0.5 -0.45 0
0.5 -0.4 0
0.5 -0.35 0
0.5 -0.3 0
0.5 -0.25 0
0.5 -0.2 0
0.5 -0.15 0
0.5 -0.1 0
0.5 -0.05 0
0.5 -2.331468352e-15 0
0.5 0.05 0
0.5 0.1 0
0.5 0.15 0
0.5 0.2 0
0.5 0.25 0
0.5 0.3 0
0.5 0.35 0
0.5 0.4 0
0.5 0.45 0
-0.45 0.5 0
-0.4 0.5 0
-0.35 0.5 0
-0.3 0.5 0
-0.25 0.5 0
-0.2 0.5 0
-0.15 0.5 0
-0.1 0.5 0
-0.05 0.5 0
-2.331468352e-15 0.5 0
0.05 0.5 0
0.1 0.5 0
0.15 0.5 0
0.2 0.5 0
0.25 0.5 0
0.3 0.5 0
0.35 0.5 0
0.4 0.5 0
0.45 0.5 0
-0.4574042826 -0.4177100147 0
-0.454275955 -0.3730626716 0
-0.4550798171 -0.3238572764 0
-0.4559277927 -0.2741054206 0
-0.4566109805 -0.2242988969 0
-0.456976016 -0.1744572992 0
-0.4570232152 -0.1246248031 0
-0.4569276536 -0.07479612529 0
-0.4568326417 -0.02494497615 0
-0.4567825856 0.02490710016 0
-0.4567946465 0.07470395779 0
-0.4568962517 0.1243567645 0
-0.4571490386 0.1737432481 0
-0.45762944 0.2227311778 0
-0.4582806426 0.2712457046 0
-0.4585557432 0.3192895115 0
-0.4579547951 0.3665030335 0
-0.456480128 0.4124380959 0
-0.4541111424 0.4568990486 0
-0.4306596944 -0.4560979536 0
-0.3258550203 -0.4577555101 0
-0.2254630192 -0.456060773 0
-0.1254282591 -0.4558436216 0
-0.02509380458 -0.4565123724 0
0.07489362369 -0.4568490242 0
0.1747421653 -0.4572236722 0
0.2747470533 -0.4573969192 0
0.3736966075 -0.4563839804 0
0.4560446562 -0.4313905268 0
0.4545148467 -0.3260638773 0
0.4561499298 -0.2247338995 0
0.4567619276 -0.1246099996 0
0.4566191215 -0.02472559737 0
0.4560236841 0.07585886192 0
0.4551912791 0.1778034188 0
0.4563336592 0.281073672 0
0.4533843013 0.3744503402 0
-0.4061156803 0.4613692636 0
-0.3569715505 0.4641675358 0
-0.3072625472 0.4655164692 0
-0.2574320856 0.4657331364 0
-0.2075902627 0.4654183812 0
-0.1578247971 0.4649323294 0
-0.108038799 0.4647311187 0
-0.05815826936 0.4648352616 0
-0.008226968488 0.4650745714 0
0.04165845356 0.4653285041 0
0.09137949003 0.465566705 0
0.1408191672 0.4658197256 0
0.189998021 0.4659730221 0
0.2388022941 0.4656883658 0
0.2861583157 0.4652865296 0
0.3342102125 0.4615524202 0
0.3836142359 0.451737544 0
0.4420128914 0.4381480159 0
-0.3778260088 -0.4554113504 0
-0.2751956722 -0.4574848713 0
-0.1755569101 -0.4556244655 0
-0.07522403996 -0.4562286806 0
0.02494474717 -0.4567008009 0
0.1248078783 -0.457021855 0
0.2247261379 -0.4573972386 0
0.324536168 -0.4572823551 0
0.4180001251 -0.4586255529 0
0.4537665825 -0.3782785236 0
0.4551507017 -0.2752515482 0
0.4566436103 -0.1745584862 0
0.456731975 -0.07468813494 0
0.4563879315 0.02545920926 0
0.4555571983 0.1266208314 0
0.4551953535 0.2295745106 0
0.4636590624 0.3267515549 0
-0.2015611908 -0.4109203369 0
-0.4094345918 -0.3481930099 0
-0.4110350541 -0.2976720722 0
-0.4126704474 -0.2481157155 0
-0.4138320807 -0.1985775617 0
-0.4141279439 -0.1490203015 0
-0.4139376143 -0.09945388074 0
-0.4137119448 -0.04976886924 0
-0.4135542768 -9.885643267e-06 0
-0.4134912688 0.04972800006 0
-0.4135405521 0.09931372263 0
-0.4137652253 0.1485534492 0
-0.4143250024 0.1971691528 0
-0.4154077442 0.2448497429 0
-0.4168185381 0.2914150601 0
-0.4167003693 0.3370136376 0
-0.4143696553 0.3806777481 0
-0.4107112027 0.4216189567 0
0.4133935273 -0.04954550559 0
-0.2999362725 -0.4171753315 0
0.4089088467 -0.3004535475 0
-0.1004797281 -0.4121403792 0
-0.4059979175 -0.4047064673 0
3.470016026e-05 -0.4132680118 0
0.09978190869 -0.4138076569 0
0.1994525065 -0.4147057182 0
0.2996344043 -0.4147684348 0
0.4051082639 -0.4091656026 0
0.41260913 0.05082649541 0
-0.2513415902 -0.4127341102 0
0.4040379339 0.3938040774 0
0.4135170744 -0.09932765672 0
0.4131062637 0.0004602540659 0
0.4135043934 -0.1489509482 0
0.4108210129 0.1538953465 0
0.4113674624 0.2625887227 0
0.415513607 0.3269139946 0
0.04996683288 -0.4135239244 0
-0.3508157178 -0.4151732938 0
-0.1510446017 -0.4112787973 0
-0.05009592493 -0.4128667952 0
-0.3630570872 0.4277751025 0
-0.3142761983 0.4309325211 0
-0.2651901057 0.4315494435 0
-0.2157488641 0.4310078379 0
-0.1662689687 0.4298422269 0
-0.1166234145 0.4293005299 0
-0.06674492749 0.429478293 0
-0.01678011468 0.4299652323 0
0.03310233954 0.4304753518 0
0.08273004536 0.4308983906 0
0.1318365847 0.4313099365 0
0.1801733707 0.4318357783 0
0.2282227487 0.4315437481 0
0.2751065436 0.4294350168 0
0.3143878182 0.4298487251 0
0.409509731 -0.3517070911 0
0.4132044251 -0.1986748056 0
0.1495756968 -0.4142110875 0
0.2495000837 -0.4149784011 0
0.3495661995 -0.4147496 0
0.4117883712 -0.2490314939 0
0.411771688 0.1019097648 0
0.4103803577 0.2071496422 0
0.355716549 0.4123358259 0
-0.3676465539 -0.2709123461 0
-0.3705336164 -0.2220627689 0
-0.3715273491 -0.1729616563 0
-0.3711301779 -0.1239333686 0
-0.3707281101 -0.07450342208 0
-0.3704060622 -0.02484151929 0
-0.3702112223 0.02488596286 0
-0.3701550639 0.07453172754 0
-0.3702412429 0.1239076154 0
-0.3705815885 0.1726960051 0
-0.371533564 0.2203925991 0
-0.37356993 0.266371432 0
-0.3765841333 0.3101084454 0
-0.3744913143 0.3526601667 0
-0.3687411107 0.3906654273 0
0.3648948725 0.3560933424 0
0.3666486635 -0.2719718897 0
0.3655137534 0.2369741529 0
-0.07492606424 -0.3689781998 0
0.124615262 -0.3708916526 0
0.2240427015 -0.3726971489 0
0.02530235473 -0.3700947868 0
0.3653844428 0.1818031144 0
0.3699818259 -0.02471057432 0
0.3702102101 -0.07434715142 0
0.3244588578 -0.3718081357 0
0.3702584135 -0.1236197692 0
0.3679145687 0.2954050305 0
0.3669840772 0.1282221618 0
0.07498955904 -0.3703674862 0
-0.3225148119 -0.3817688912 0
-0.1257269222 -0.3675988457 0
-0.02463554481 -0.3697684139 0
-0.3639358512 -0.3676428752 0
-0.3214434301 0.3960715762 0
-0.2741227943 0.3971385462 0
-0.2255459858 0.3967145271 0
-0.1765637719 0.394400881 0
-0.1270128123 0.3932414842 0
-0.07693464614 0.393486307 0
-0.02677083492 0.3942846229 0
0.02321426415 0.3951562543 0
0.07291160674 0.3958310262 0
0.122040075 0.3962785224 0
0.1699163474 0.3969082207 0
0.2160159596 0.3982288601 0
0.2639134083 0.3947123475 0
0.3573403216 -0.3262983136 0
0.370273639 -0.1726028401 0
-0.1772067833 -0.3658632392 0
0.3685029476 0.07622278864 0
0.2743225564 -0.372849321 0
0.3136119402 0.3843126406 0
0.3698499498 -0.3742827792 0
0.3700005922 -0.2214909946 0
0.1742234791 -0.3717233664 0
0.3694451346 0.02548222654 0
-0.3651412159 -0.3191770886 0
-0.2792014853 -0.3708363976 0
-0.2293328492 -0.365200814 0
0.3210919843 0.1543163383 0
0.3269981336 -0.0988696894 0
-0.3298568727 -0.1961694796 0
-0.3286168412 -0.1483863229 0
-0.3280129101 -0.09926579679 0
-0.3274475521 -0.04967776165 0
-0.3270238726 6.191129725e-05 0
-0.3268191434 0.04979031607 0
-0.3267987718 0.09937633882 0
-0.3268887525 0.1486111546 0
-0.3272801853 0.1970695293 0
-0.3288161219 0.2440011082 0
-0.3326447872 0.2883269727 0
-0.3403106502 0.3270660051 0
-0.328603593 0.3610116372 0
-0.318638708 -0.3391747257 0
-0.3193866669 -0.2917961463 0
-0.04883215064 -0.3261996365 0
0.3203395659 0.2662998278 0
0.1493876789 -0.3281895144 0
0.3255579582 0.05007424392 0
0.3181588183 0.2095982953 0
0.3264460246 -0.0001323524314 0
0.3271879234 -0.1950506994 0
0.2997205038 -0.3310342344 0
0.05056702442 -0.3267875581 0
-0.3265782378 -0.2443110975 0
0.1000186477 -0.3271938137 0
0.3280515732 -0.2414564705 0
0.2483067202 -0.3317409956 0
0.001034338217 -0.3266814085 0
0.3238258953 0.324296656 0
-0.2848624345 0.3615552189 0
-0.2382174365 0.3630242769 0
-0.1902101702 0.3584422317 0
-0.1406260617 0.3560024625 0
-0.08981951461 0.3563536165 0
-0.03908977443 0.357537074 0
0.0111382808 0.3589423623 0
0.06092130994 0.3601675074 0
0.1103824194 0.3607480451 0
0.1587477546 0.3608986474 0
0.2041838067 0.362046316 0
0.2438873977 0.3664548824 0
0.3203639819 -0.2885613872 0
0.3268248811 -0.1475658637 0
-0.1505593677 -0.3221872313 0
0.3237747911 0.1014360932 0
-0.0992355395 -0.3247970733 0
0.3268693713 -0.04978097846 0
0.1987301489 -0.3298471914 0
-0.2040046153 -0.3187120473 0
0.2824305592 0.3485585287 0
0.2837397395 -0.07467564697 0
-0.2643064617 -0.3161331101 0
-0.2857191558 -0.1246599625 0
-0.2849084526 -0.07470431408 0
-0.2840358767 -0.0248349663 0
-0.283529394 0.02497993142 0
-0.283417843 0.07473195064 0
-0.283497611 0.1243000308 0
-0.2834602974 0.1735753661 0
-0.283667896 0.2221890666 0
-0.2865340847 0.2696242129 0
-0.2953436388 0.3184617191 0
0.2787759645 0.2970006897 0
0.1250390558 -0.2840386995 0
-0.1220469629 -0.2800010015 0
-0.02264312676 -0.2834626645 0
0.2827051917 -0.1717381657 0
0.2827751734 0.0237272472 0
0.2834252933 -0.02573557327 0
0.2838212451 -0.1232652784 0
0.2845104957 -0.2173946808 0
0.2708464277 -0.2928034932 0
-0.2536694155 0.331692737 0
-0.2093882351 0.3224218308 0
-0.1594982186 0.3167916847 0
-0.1062715799 0.3175622621 0
-0.0542516096 0.3191824538 0
-0.003392365381 0.3211459098 0
0.04630821978 0.3233718435 0
0.09576866312 0.3249181812 0
0.1455416141 0.3245353902 0
0.1936388213 0.323779552 0
0.2402253079 0.3282111141 0
0.2781776832 0.1252205151 0
0.2811548643 0.07392543806 0
0.07586095216 -0.2831343181 0
0.2231877944 -0.2889507568 0
-0.07214280854 -0.2826212051 0
-0.2862895019 -0.1739551384 0
0.2642348019 0.2388245438 0
0.1745104747 -0.2859303233 0
0.02668741495 -0.2832444215 0
-0.1729719614 -0.2752201761 0
0.2730197632 0.1788191131 0
0.2903919431 -0.2579289331 0
-0.2914687375 -0.2175895716 0
-0.2769663697 -0.2604510735 0
-0.2256864257 -0.2682362454 0
0.05205353047 -0.2389807522 0
-0.2414189717 -0.04992602175 0
-0.2402895483 2.102577126e-05 0
-0.2399647848 0.04995028369 0
-0.2401274547 0.09973140089 0
-0.2404504013 0.1491575908 0
-0.2397437462 0.1985863463 0
-0.2385119652 0.2474846384 0
-0.2439621975 0.2926406316 0
0.2011676403 -0.2441720292 0
0.2361410372 0.09589503033 0
0.2280280117 0.2846990216 0
-0.0936879692 -0.2388114959 0
0.2399283282 -0.002509382053 0
0.003088357025 -0.240203318 0
0.2402451788 -0.05125040659 0
0.2387898689 0.04652280585 0
-0.2441907469 -0.1518932896 0
-0.2434122364 -0.1000193085 0
0.2406992794 -0.099402677 0
0.2342716978 -0.2004349157 0
0.1507584734 -0.241494205 0
-0.1868622357 0.2740539158 0
-0.1260627943 0.2767076028 0
-0.07209956165 0.278716217 0
-0.02008739706 0.2812377898 0
0.03015871191 0.283976192 0
0.07821221435 0.2882055981 0
0.1270728594 0.288988214 0
0.1764571939 0.2851420193 0
0.241386862 -0.1474099957 0
0.101296817 -0.2389583255 0
0.2487181518 -0.2494281828 0
-0.0453861466 -0.2407199097 0
0.2312537915 0.1456338457 0
-0.2437822679 -0.2109146974 0
0.2028574923 0.2428641393 0
0.2219837716 0.1959126002 0
-0.1417984508 -0.2341659654 0
0.02752189344 -0.1960045475 0
-0.02046530447 -0.1979758038 0
-0.1963490822 0.02495552028 0
-0.1965090523 0.07525367683 0
-0.197077404 0.1247661764 0
-0.1983213028 0.1733262633 0
-0.1945689052 0.2226151294 0
-0.1912493784 -0.2258084042 0
0.198119112 -0.1236178383 0
0.2019697027 -0.166140372 0
0.1967594812 -0.02865939262 0
0.1944938506 0.06785032274 0
-0.203918307 -0.1243338284 0
0.1964888367 0.01980019377 0
-0.1434387767 0.2340255673 0
0.196685937 -0.07685874764 0
0.1780374609 -0.201650505 0
-0.09121866808 0.2353404838 0
-0.03838771956 0.2392050168 0
0.01334629836 0.2418487937 0
0.06321102605 0.2460922631 0
0.1060354331 0.255775225 0
-0.06649904882 -0.1988086227 0
-0.1995876472 -0.07523862359 0
-0.2024793189 -0.1755915268 0
0.07748619225 -0.1928817902 0
-0.1971027304 -0.02539421001 0
-0.112452097 -0.1940010576 0
0.1502181943 0.2477877561 0
0.190127856 0.1152966679 0
0.1687918724 0.2065239488 0
0.1276739411 -0.1945670546 0
0.001121140545 -0.1550094427 0
-0.1532767722 0.1010595668 0
-0.1542183415 0.1504582521 0
-0.1594113132 0.1940413544 0
-0.111706899 0.1855713139 0
-0.1561927279 -0.1873921079 0
-0.15384688 -0.05188723508 0
0.1538265893 -0.006294267107 0
0.1529708528 -0.05496365882 0
0.18330634 0.1614443445 0
0.1523599928 -0.1051173449 0
-0.1524103632 -0.0008260773816 0
-0.05744380679 0.1954661242 0
-0.005417033547 0.1980227811 0
0.0492548339 0.2012177847 0
0.1082372417 0.2115965935 0
-0.04401917779 -0.155556684 0
-0.1527515704 0.05062706934 0
0.158280263 -0.1547100581 0
-0.1683857682 -0.1457795251 0
-0.08517985161 -0.1599783087 0
0.1496096498 0.08792952305 0
0.05018524162 -0.1505858868 0
0.1533966832 0.04133311073 0
-0.1590965457 -0.1018958259 0
-0.1092990229 0.07760415933 0
0.1049087374 -0.1399144641 0
0.142500556 0.1328102475 0
0.1081436727 -0.08129017993 0
-0.1239687973 -0.1399098493 0
0.1117740922 0.01659639268 0
-0.1064771053 -0.02774823947 0
-0.07293166061 0.1529663364 0
0.1104833773 -0.0310457292 0
-0.02681532655 0.1520960886 0
0.02585348526 0.1560551079 0
0.087808029 0.1576879398 0
-0.02511852493 -0.1094887049 0
-0.1093560971 0.02528313942 0
-0.1104025805 0.1281186829 0
-0.1115613399 -0.08194153303 0
0.1032826329 0.1081635072 0
0.13745359 0.1743247592 0
0.1113097681 0.06197296354 0
0.01965071219 -0.1157317062 0
-0.07449911417 -0.1152644141 0
-0.07057254552 0.05213570644 0
0.06987024037 0.03919486381 0
-0.05786640355 0.103052327 0
0.06576556643 -0.05286232642 0
-0.0009345636822 0.1074587312 0
0.05207031396 0.1155520296 0
0.06172612554 -0.1008388351 0
0.06974767659 -0.004990735894 0
-0.05475928592 -0.05835556268 0
0.07292550612 0.07928199244 0
-0.06211173042 0.00325195991 0
0.01071138097 -0.06751070791 0
-0.02071692951 0.04915458714 0
-0.01426590489 -0.01328824156 0
0.03051714352 0.06880085639 0
0.02591291826 0.0205348148 0
0.0307108129 -0.02407594822 0
-0.5 -0.45 0.05
-0.5 -0.5 0.05
-0.5 -0.4 0.05
-0.5 -0.35 0.05
-0.5 -0.3 0.05
-0.5 -0.25 0.05
-0.5 -0.2 0.05
-0.5 -0.15 0.05
-0.5 -0.1 0.05
-0.5 -0.05 0.05
-0.5 -2.331468352e-15 0.05
-0.5 0.05 0.05
-0.5 0.1 0.05
-0.5 0.15 0.05
-0.5 0.2 0.05
-0.5 0.25 0.05
-0.5 0.3 0.05
-0.5 0.35 0.05
-0.5 0.4 0.05
-0.5 0.45 0.05
-0.5 0.5 0.05
-0.45 -0.5 0.05
-0.4 -0.5 0.05
-0.35 -0.5 0.05
-0.3 -0.5 0.05
-0.25 -0.5 0.05
-0.2 -0.5 0.05
-0.15 -0.5 0.05
-0.1 -0.5 0.05
-0.05 -0.5 0.05
-2.331468352e-15 -0.5 0.05
0.05 -0.5 0.05
0.1 -0.5 0.05
0.15 -0.5 0.05
0.2 -0.5 0.05
0.25 -0.5 0.05
0.3 -0.5 0.05
0.35 -0.5 0.05
0.4 -0.5 0.05
0.45 -0.5 0.05
0.5 -0.5 0.05
0.5 -0.45 0.05
0.5 -0.4 0.05
0.5 -0.35 0.05
0.5 -0.3 0.05
0.5 -0.25 0.05
0.5 -0.2 0.05
0.5 -0.15 0.05
0.5 -0.1 0.05
0.5 -0.05 0.05
0.5 -2.331468352e-15 0.05
0.5 0.05 0.05
0.5 0.1 0.05
0.5 0.15 0.05
0.5 0.2 0.05
0.5 0.25 0.05
0.5 0.3 0.05
0.5 0.35 0.05
0.5 0.4 0.05
0.5 0.45 0.05
0.5 0.5 0.05
-0.45 0.5 0.05
-0.4 0.5 0.05
-0.35 0.5 0.05
-0.3 0.5 0.05
-0.25 0.5 0.05
-0.2 0.5 0.05
-0.15 0.5 0.05
-0.1 0.5 0.05
-0.05 0.5 0.05
-2.331468352e-15 0.5 0.05
0.05 0.5 0.05
0.1 0.5 0.05
0.15 0.5 0.05
0.2 0.5 0.05
0.25 0.5 0.05
0.3 0.5 0.05
0.35 0.5 0.05
0.4 0.5 0.05
0.45 0.5 0.05
-0.4574042826 -0.4177100147 0.05
-0.454275955 -0.3730626716 0.05
-0.4550798171 -0.3238572764 0.05
-0.4559277927 -0.2741054206 0.05
-0.4566109805 -0.2242988969 0.05
-0.456976016 -0.1744572992 0.05
-0.4570232152 -0.1246248031 0.05
-0.4569276536 -0.07479612529 0.05
-0.4568326417 -0.02494497615 0.05
-0.4567825856 0.02490710016 0.05
-0.4567946465 0.07470395779 0.05
-0.4568962517 0.1243567645 0.05
-0.4571490386 0.1737432481 0.05
-0.45762944 0.2227311778 0.05
-0.4582806426 0.2712457046 0.05
-0.4585557432 0.3192895115 0.05
-0.4579547951 0.3665030335 0.05
-0.456480128 0.4124380959 0.05
-0.4541111424 0.4568990486 0.05
-0.4306596944 -0.4560979536 0.05
-0.3258550203 -0.4577555101 0.05
-0.2254630192 -0.456060773 0.05
-0.1254282591 -0.4558436216 0.05
-0.02509380458 -0.4565123724 0.05
0.07489362369 -0.4568490242 0.05
0.1747421653 -0.4572236722 0.05
0.2747470533 -0.4573969192 0.05
0.3736966075 -0.4563839804 0.05
0.4560446562 -0.4313905268 0.05
0.4545148467 -0.3260638773 0.05
0.4561499298 -0.2247338995 0.05
0.4567619276 -0.1246099996 0.05
0.4566191215 -0.02472559737 0.05
0.4560236841 0.07585886192 0.05
0.4551912791 0.1778034188 0.05
0.4563336592 0.281073672 0.05
0.4533843013 0.3744503402 0.05
-0.4061156803 0.4613692636 0.05
-0.3569715505 0.4641675358 0.05
-0.3072625472 0.4655164692 0.05
-0.2574320856 0.4657331364 0.05
-0.2075902627 0.4654183812 0.05
-0.1578247971 0.4649323294 0.05
-0.108038799 0.4647311187 0.05
-0.05815826936 0.4648352616 0.05
-0.008226968488 0.4650745714 0.05
0.04165845356 0.4653285041 0.05
0.09137949003 0.465566705 0.05
0.1408191672 0.4658197256 0.05
0.189998021 0.4659730221 0.05
0.2388022941 0.4656883658 0.05
0.2861583157 0.4652865296 0.05
0.3342102125 0.4615524202 0.05
0.3836142359 0.451737544 0.05
0.4420128914 0.4381480159 0.05
-0.3778260088 -0.4554113504 0.05
-0.2751956722 -0.4574848713 0.05
-0.1755569101 -0.4556244655 0.05
-0.07522403996 -0.4562286806 0.05
0.02494474717 -0.4567008009 0.05
0.1248078783 -0.457021855 0.05
0.2247261379 -0.4573972386 0.05
0.324536168 -0.4572823551 0.05
0.4180001251 -0.4586255529 0.05
0.4537665825 -0.3782785236 0.05
0.4551507017 -0.2752515482 0.05
0.4566436103 -0.1745584862 0.05
0.456731975 -0.07468813494 0.05
0.4563879315 0.02545920926 0.05
0.4555571983 0.1266208314 0.05
0.4551953535 0.2295745106 0.05
0.4636590624 0.3267515549 0.05
-0.2015611908 -0.4109203369 0.05
-0.4094345918 -0.3481930099 0.05
-0.4110350541 -0.2976720722 0.05
-0.4126704474 -0.2481157155 0.05
-0.4138320807 -0.1985775617 0.05
-0.4141279439 -0.1490203015 0.05
-0.4139376143 -0.09945388074 0.05
-0.4137119448 -0.04976886924 0.05
-0.4135542768 -9.885643267e-06 0.05
-0.4134912688 0.04972800006 0.05
-0.4135405521 0.09931372263 0.05
-0.4137652253 0.1485534492 0.05
-0.4143250024 0.1971691528 0.05
-0.4154077442 0.2448497429 0.05
-0.4168185381 0.2914150601 0.05
-0.4167003693 0.3370136376 0.05
-0.4143696553 0.3806777481 0.05
-0.4107112027 0.4216189567 0.05
0.4133935273 -0.04954550559 0.05
-0.2999362725 -0.4171753315 0.05
0.4089088467 -0.3004535475 0.05
-0.1004797281 -0.4121403792 0.05
-0.4059979175 -0.4047064673 0.05
3.470016026e-05 -0.4132680118 0.05
0.09978190869 -0.4138076569 0.05
0.1994525065 -0.4147057182 0.05
0.2996344043 -0.4147684348 0.05
0.4051082639 -0.4091656026 0.05
0.41260913 0.05082649541 0.05
-0.2513415902 -0.4127341102 0.05
0.4040379339 0.3938040774 0.05
0.4135170744 -0.09932765672 0.05
0.4131062637 0.0004602540659 0.05
0.4135043934 -0.1489509482 0.05
0.4108210129 0.1538953465 0.05
0.4113674624 0.2625887227 0.05
0.415513607 0.3269139946 0.05
0.04996683288 -0.4135239244 0.05
-0.3508157178 -0.4151732938 0.05
-0.1510446017 -0.4112787973 0.05
-0.05009592493 -0.4128667952 0.05
-0.3630570872 0.4277751025 0.05
-0.3142761983 0.4309325211 0.05
-0.2651901057 0.4315494435 0.05
-0.2157488641 0.4310078379 0.05
-0.1662689687 0.4298422269 0.05
-0.1166234145 0.4293005299 0.05
-0.06674492749 0.429478293 0.05
-0.01678011468 0.4299652323 0.05
0.03310233954 0.4304753518 0.05
0.08273004536 0.4308983906 0.05
0.1318365847 0.4313099365 0.05
0.1801733707 0.4318357783 0.05
0.2282227487 0.4315437481 0.05
0.2751065436 0.4294350168 0.05
0.3143878182 0.4298487251 0.05
0.409509731 -0.3517070911 0.05
0.4132044251 -0.1986748056 0.05
0.1495756968 -0.4142110875 0.05
0.2495000837 -0.4149784011 0.05
0.3495661995 -0.4147496 0.05
0.4117883712 -0.2490314939 0.05
0.411771688 0.1019097648 0.05
0.4103803577 0.2071496422 0.05
0.355716549 0.4123358259 0.05
-0.3676465539 -0.2709123461 0.05
-0.3705336164 -0.2220627689 0.05
-0.3715273491 -0.1729616563 0.05
-0.3711301779 -0.1239333686 0.05
-0.3707281101 -0.07450342208 0.05
-0.3704060622 -0.02484151929 0.05
-0.3702112223 0.02488596286 0.05
-0.3701550639 0.07453172754 0.05
-0.3702412429 0.1239076154 0.05
-0.3705815885 0.1726960051 0.05
-0.371533564 0.2203925991 0.05
-0.37356993 0.266371432 0.05
-0.3765841333 0.3101084454 0.05
-0.3744913143 0.3526601667 0.05
-0.3687411107 0.3906654273 0.05
0.3648948725 0.3560933424 0.05
0.3666486635 -0.2719718897 0.05
0.3655137534 0.2369741529 0.05
-0.07492606424 -0.3689781998 0.05
0.124615262 -0.3708916526 0.05
0.2240427015 -0.3726971489 0.05
0.02530235473 -0.3700947868 0.05
0.3653844428 0.1818031144 0.05
0.3699818259 -0.02471057432 0.05
0.3702102101 -0.07434715142 0.05
0.3244588578 -0.3718081357 0.05
0.3702584135 -0.1236197692 0.05
0.3679145687 0.2954050305 0.05
0.3669840772 0.1282221618 0.05
0.07498955904 -0.3703674862 0.05
-0.3225148119 -0.3817688912 0.05
-0.1257269222 -0.3675988457 0.05
-0.02463554481 -0.3697684139 0.05
-0.3639358512 -0.3676428752 0.05
-0.3214434301 0.3960715762 0.05
-0.2741227943 0.3971385462 0.05
-0.2255459858 0.3967145271 0.05
-0.1765637719 0.394400881 0.05
-0.1270128123 0.3932414842 0.05
-0.07693464614 0.393486307 0.05
-0.02677083492 0.3942846229 0.05
0.02321426415 0.3951562543 0.05
0.07291160674 0.3958310262 0.05
0.122040075 0.3962785224 0.05
0.1699163474 0.3969082207 0.05
0.2160159596 0.3982288601 0.05
0.2639134083 0.3947123475 0.05
0.3573403216 -0.3262983136 0.05
0.370273639 -0.1726028401 0.05
-0.1772067833 -0.3658632392 0.05
0.3685029476 0.07622278864 0.05
0.2743225564 -0.372849321 0.05
0.3136119402 0.3843126406 0.05
0.3698499498 -0.3742827792 0.05
0.3700005922 -0.2214909946 0.05
0.1742234791 -0.3717233664 0.05
0.3694451346 0.02548222654 0.05
-0.3651412159 -0.3191770886 0.05
-0.2792014853 -0.3708363976 0.05
-0.2293328492 -0.365200814 0.05
0.3210919843 0.1543163383 0.05
0.3269981336 -0.0988696894 0.05
-0.3298568727 -0.1961694796 0.05
-0.3286168412 -0.1483863229 0.05
-0.3280129101 -0.09926579679 0.05
-0.3274475521 -0.04967776165 0.05
-0.3270238726 6.191129725e-05 0.05
-0.3268191434 0.04979031607 0.05
-0.3267987718 0.09937633882 0.05
-0.3268887525 0.1486111546 0.05
-0.3272801853 0.1970695293 0.05
-0.3288161219 0.2440011082 0.05
-0.3326447872 0.2883269727 0.05
-0.3403106502 0.3270660051 0.05
-0.328603593 0.3610116372 0.05
-0.318638708 -0.3391747257 0.05
-0.3193866669 -0.2917961463 0.05
-0.04883215064 -0.3261996365 0.05
0.3203395659 0.2662998278 0.05
0.1493876789 -0.3281895144 0.05
0.3255579582 0.05007424392 0.05
0.3181588183 0.2095982953 0.05
0.3264460246 -0.0001323524314 0.05
0.3271879234 -0.1950506994 0.05
0.2997205038 -0.3310342344 0.05
0.05056702442 -0.3267875581 0.05
-0.3265782378 -0.2443110975 0.05
0.1000186477 -0.3271938137 0.05
0.3280515732 -0.2414564705 0.05
0.2483067202 -0.3317409956 0.05
0.001034338217 -0.3266814085 0.05
0.3238258953 0.324296656 0.05
-0.2848624345 0.3615552189 0.05
-0.2382174365 0.3630242769 0.05
-0.1902101702 0.3584422317 0.05
-0.1406260617 0.3560024625 0.05
-0.08981951461 0.3563536165 0.05
-0.03908977443 0.357537074 0.05
0.0111382808 0.3589423623 0.05
0.06092130994 0.3601675074 0.05
0.1103824194 0.3607480451 0.05
0.1587477546 0.3608986474 0.05
0.2041838067 0.362046316 0.05
0.2438873977 0.3664548824 0.05
0.3203639819 -0.2885613872 0.05
0.3268248811 -0.1475658637 0.05
-0.1505593677 -0.3221872313 0.05
0.3237747911 0.1014360932 0.05
-0.0992355395 -0.3247970733 0.05
0.3268693713 -0.04978097846 0.05
0.1987301489 -0.3298471914 0.05
-0.2040046153 -0.3187120473 0.05
0.2824305592 0.3485585287 0.05
0.2837397395 -0.07467564697 0.05
-0.2643064617 -0.3161331101 0.05
-0.2857191558 -0.1246599625 0.05
-0.2849084526 -0.07470431408 0.05
-0.2840358767 -0.0248349663 0.05
-0.283529394 0.02497993142 0.05
-0.283417843 0.07473195064 0.05
-0.283497611 0.1243000308 0.05
-0.2834602974 0.1735753661 0.05
-0.283667896 0.2221890666 0.05
-0.2865340847 0.2696242129 0.05
-0.2953436388 0.3184617191 0.05
0.2787759645 0.2970006897 0.05
0.1250390558 -0.2840386995 0.05
-0.1220469629 -0.2800010015 0.05
-0.02264312676 -0.2834626645 0.05
0.2827051917 -0.1717381657 0.05
0.2827751734 0.0237272472 0.05
0.2834252933 -0.02573557327 0.05
0.2838212451 -0.1232652784 0.05
0.2845104957 -0.2173946808 0.05
0.2708464277 -0.2928034932 0.05
-0.2536694155 0.331692737 0.05
-0.2093882351 0.3224218308 0.05
-0.1594982186 0.3167916847 0.05
-0.1062715799 0.3175622621 0.05
-0.0542516096 0.3191824538 0.05
-0.003392365381 0.3211459098 0.05
0.04630821978 0.3233718435 0.05
0.09576866312 0.3249181812 0.05
0.1455416141 0.3245353902 0.05
0.1936388213 0.323779552 0.05
0.2402253079 0.3282111141 0.05
0.2781776832 0.1252205151 0.05
0.2811548643 0.07392543806 0.05
0.07586095216 -0.2831343181 0.05
0.2231877944 -0.2889507568 0.05
-0.07214280854 -0.2826212051 0.05
-0.2862895019 -0.1739551384 0.05
0.2642348019 0.2388245438 0.05
0.1745104747 -0.2859303233 0.05
0.02668741495 -0.2832444215 0.05
-0.1729719614 -0.2752201761 0.05
0.2730197632 0.1788191131 0.05
0.2903919431 -0.2579289331 0.05
-0.2914687375 -0.2175895716 0.05
-0.2769663697 -0.2604510735 0.05
-0.2256864257 -0.2682362454 0.05
0.05205353047 -0.2389807522 0.05
-0.2414189717 -0.04992602175 0.05
-0.2402895483 2.102577126e-05 0.05
-0.2399647848 0.04995028369 0.05
-0.2401274547 0.09973140089 0.05
-0.2404504013 0.1491575908 0.05
-0.2397437462 0.1985863463 0.05
-0.2385119652 0.2474846384 0.05
-0.2439621975 0.2926406316 0.05
0.2011676403 -0.2441720292 0.05
0.2361410372 0.09589503033 0.05
0.2280280117 0.2846990216 0.05
-0.0936879692 -0.2388114959 0.05
0.2399283282 -0.002509382053 0.05
0.003088357025 -0.240203318 0.05
0.2402451788 -0.05125040659 0.05
0.2387898689 0.04652280585 0.05
-0.2441907469 -0.1518932896 0.05
-0.2434122364 -0.1000193085 0.05
0.2406992794 -0.099402677 0.05
0.2342716978 -0.2004349157 0.05
0.1507584734 -0.241494205 0.05
-0.1868622357 0.2740539158 0.05
-0.1260627943 0.2767076028 0.05
-0.07209956165 0.278716217 0.05
-0.02008739706 0.2812377898 0.05
0.03015871191 0.283976192 0.05
0.07821221435 0.2882055981 0.05
0.1270728594 0.288988214 0.05
0.1764571939 0.2851420193 0.05
0.241386862 -0.1474099957 0.05
0.101296817 -0.2389583255 0.05
0.2487181518 -0.2494281828 0.05
-0.0453861466 -0.2407199097 0.05
0.2312537915 0.1456338457 0.05
-0.2437822679 -0.2109146974 0.05
0.2028574923 0.2428641393 0.05
0.2219837716 0.1959126002 0.05
-0.1417984508 -0.2341659654 0.05
0.02752189344 -0.1960045475 0.05
-0.02046530447 -0.1979758038 0.05
-0.1963490822 0.02495552028 0.05
-0.1965090523 0.07525367683 0.05
-0.197077404 0.1247661764 0.05
-0.1983213028 0.1733262633 0.05
-0.1945689052 0.2226151294 0.05
-0.1912493784 -0.2258084042 0.05
0.198119112 -0.1236178383 0.05
0.2019697027 -0.166140372 0.05
0.1967594812 -0.02865939262 0.05
0.1944938506 0.06785032274 0.05
-0.203918307 -0.1243338284 0.05
0.1964888367 0.01980019377 0.05
-0.1434387767 0.2340255673 0.05
0.196685937 -0.07685874764 0.05
0.1780374609 -0.201650505 0.05
-0.09121866808 0.2353404838 0.05
-0.03838771956 0.2392050168 0.05
0.01334629836 0.2418487937 0.05
0.06321102605 0.2460922631 0.05
0.1060354331 0.255775225 0.05
-0.06649904882 -0.1988086227 0.05
-0.1995876472 -0.07523862359 0.05
-0.2024793189 -0.1755915268 0.05
0.07748619225 -0.1928817902 0.05
-0.1971027304 -0.02539421001 0.05
-0.112452097 -0.1940010576 0.05
0.1502181943 0.2477877561 0.05
0.190127856 0.1152966679 0.05
0.1687918724 0.2065239488 0.05
0.1276739411 -0.1945670546 0.05
0.001121140545 -0.1550094427 0.05
-0.1532767722 0.1010595668 0.05
-0.1542183415 0.1504582521 0.05
-0.1594113132 0.1940413544 0.05
-0.111706899 0.1855713139 0.05
-0.1561927279 -0.1873921079 0.05
-0.15384688 -0.05188723508 0.05
0.1538265893 -0.006294267107 0.05
0.1529708528 -0.05496365882 0.05
0.18330634 0.1614443445 0.05
0.1523599928 -0.1051173449 0.05
-0.1524103632 -0.0008260773816 0.05
-0.05744380679 0.1954661242 0.05
-0.005417033547 0.1980227811 0.05
0.0492548339 0.2012177847 0.05
0.1082372417 0.2115965935 0.05
-0.04401917779 -0.155556684 0.05
-0.1527515704 0.05062706934 0.05
0.158280263 -0.1547100581 0.05
-0.1683857682 -0.1457795251 0.05
-0.08517985161 -0.1599783087 0.05
0.1496096498 0.08792952305 0.05
0.05018524162 -0.1505858868 0.05
0.1533966832 0.04133311073 0.05
-0.1590965457 -0.1018958259 0.05
-0.1092990229 0.07760415933 0.05
0.1049087374 -0.1399144641 0.05
0.142500556 0.1328102475 0.05
0.1081436727 -0.08129017993 0.05
-0.1239687973 -0.1399098493 0.05
0.1117740922 0.01659639268 0.05
-0.1064771053 -0.02774823947 0.05
-0.07293166061 0.1529663364 0.05
0.1104833773 -0.0310457292 0.05
-0.02681532655 0.1520960886 0.05
0.02585348526 0.1560551079 0.05
0.087808029 0.1576879398 0.05
-0.02511852493 -0.1094887049 0.05
-0.1093560971 0.02528313942 0.05
-0.1104025805 0.1281186829 0.05
-0.1115613399 -0.08194153303 0.05
0.1032826329 0.1081635072 0.05
0.13745359 0.1743247592 0.05
0.1113097681 0.06197296354 0.05
0.01965071219 -0.1157317062 0.05
-0.07449911417 -0.1152644141 0.05
-0.07057254552 0.05213570644 0.05
0.06987024037 0.03919486381 0.05
-0.05786640355 0.103052327 0.05
0.06576556643 -0.05286232642 0.05
-0.0009345636822 0.1074587312 0.05
0.05207031396 0.1155520296 0.05
0.06172612554 -0.1008388351 0.05
0.06974767659 -0.004990735894 0.05
-0.05475928592 -0.05835556268 0.05
0.07292550612 0.07928199244 0.05
-0.06211173042 0.00325195991 0.05
0.01071138097 -0.06751070791 0.05
-0.02071692951 0.04915458714 0.05
-0.01426590489 -0.01328824156 0.05
0.03051714352 0.06880085639 0.05
0.02591291826 0.0205348148 0.05
0.0307108129 -0.02407594822 0.05